0.008816258050501346588134765625 -0.326358795166015625 0.94520485401153564453125
0.0164006464183330535888671875 -0.3253773152828216552734375 0.945442020893096923828125
0.048860691487789154052734375 -0.3240821659564971923828125 0.944766342639923095703125
0.00611758418381214141845703125 -0.322557926177978515625 0.94652998447418212890625
-0.013426049612462520599365234375 -0.3172743320465087890625 0.94823873043060302734375
0.005598057992756366729736328125 -0.3110425174236297607421875 0.95037949085235595703125
0.00832410156726837158203125 -0.3095872700214385986328125 0.950834572315216064453125
0.0409849472343921661376953125 -0.30837118625640869140625 0.950382769107818603515625
0.02363096363842487335205078125 -0.3017472922801971435546875 0.953095018863677978515625
-0.0353611074388027191162109375 -0.2982280552387237548828125 0.95383942127227783203125
0.021475754678249359130859375 -0.29785692691802978515625 0.95436894893646240234375
0.061886005103588104248046875 -0.2944208681583404541015625 0.953670024871826171875
0.063588209450244903564453125 -0.290956437587738037109375 0.954620838165283203125
0.047786943614482879638671875 -0.2902295887470245361328125 0.955763161182403564453125
0.0478018335998058319091796875 -0.2892446815967559814453125 0.956060945987701416015625
0.04998712241649627685546875 -0.289213716983795166015625 0.955958545207977294921875
0.016624681651592254638671875 -0.285088717937469482421875 0.958356916904449462890625
0.0560964830219745635986328125 -0.283194839954376220703125 0.957420408725738525390625
0.0599313713610172271728515625 -0.28263652324676513671875 0.957353055477142333984375
0.05502803623676300048828125 -0.2817252576351165771484375 0.957915842533111572265625
0.069810830056667327880859375 -0.2799772918224334716796875 0.9574649333953857421875
0.0133598186075687408447265625 -0.278148114681243896484375 0.96044528484344482421875
0.02600744552910327911376953125 -0.278078854084014892578125 0.960206091403961181640625
0.068770743906497955322265625 -0.2775143682956695556640625 0.9582569599151611328125
0.0271229557693004608154296875 -0.2760760486125946044921875 0.960753023624420166015625
0.06224763393402099609375 -0.2756420671939849853515625 0.959242761135101318359375
0.001257151714526116847991943359375 -0.275178432464599609375 0.961392343044281005859375
0.0710399150848388671875 -0.2734860479831695556640625 0.959249019622802734375
0.0464006252586841583251953125 -0.27238357067108154296875 0.961069285869598388671875
0.070534653961658477783203125 -0.2714984118938446044921875 0.959850788116455078125
0.001259191776625812053680419921875 -0.269668042659759521484375 0.96295249462127685546875
0.028281129896640777587890625 -0.26905834674835205078125 0.96270859241485595703125
0.0470253266394138336181640625 -0.26685917377471923828125 0.962587535381317138671875
0.038784779608249664306640625 -0.265444099903106689453125 0.963345825672149658203125
-0.0048182294704020023345947265625 -0.2626135647296905517578125 0.964889049530029296875
-0.0048196003772318363189697265625 -0.261602699756622314453125 0.96516358852386474609375
0.0570749528706073760986328125 -0.257133901119232177734375 0.964688837528228759765625
-0.0385713279247283935546875 -0.256347715854644775390625 0.96581470966339111328125
0.0344633422791957855224609375 -0.256386220455169677734375 0.965959846973419189453125
-0.0048304046504199504852294921875 -0.253485143184661865234375 0.96732723712921142578125
0.051628626883029937744140625 -0.25264155864715576171875 0.9661815166473388671875
-0.00316892564296722412109375 -0.2524683177471160888671875 0.96759998798370361328125
0.0521948896348476409912109375 -0.2516165673732757568359375 0.966418564319610595703125
0.0532989613711833953857421875 -0.251601874828338623046875 0.96636211872100830078125
0.0505452938377857208251953125 -0.2511288225650787353515625 0.9666330814361572265625
0.0012657945044338703155517578125 -0.250940024852752685546875 0.968001782894134521484375
0.01956613175570964813232421875 -0.24987177550792694091796875 0.9680812358856201171875
-0.01870842278003692626953125 -0.2478325068950653076171875 0.968622267246246337890625
0.00903711281716823577880859375 -0.24735431373119354248046875 0.968882977962493896484375
-0.014829332940280437469482421875 -0.2468256056308746337890625 0.9689464569091796875
0.016810111701488494873046875 -0.24630607664585113525390625 0.969046294689178466796875
0.030127227306365966796875 -0.245717227458953857421875 0.9688732624053955078125
-0.0037302910350263118743896484375 -0.2453148365020751953125 0.96943628787994384765625
0.0145941041409969329833984375 -0.2452904284000396728515625 0.969339787960052490234375
-0.00262032565660774707794189453125 -0.24429054558277130126953125 0.96969854831695556640625
-0.000398406642489135265350341796875 -0.244291365146636962890625 0.9697017669677734375
0.116685025393962860107421875 -0.23854182660579681396484375 0.96409666538238525390625
0.0473821349442005157470703125 -0.2388846576213836669921875 0.969891250133514404296875
0.114549510180950164794921875 -0.23706753551959991455078125 0.964716255664825439453125
0.07066528499126434326171875 -0.235985219478607177734375 0.969183862209320068359375
0.06359945237636566162109375 -0.2283536493778228759765625 0.971498668193817138671875
0.069709964096546173095703125 -0.2272247970104217529296875 0.97134411334991455078125
0.071406118571758270263671875 -0.2251245081424713134765625 0.971709907054901123046875
0.072513557970523834228515625 -0.2251064777374267578125 0.971632063388824462890625
0.03531062602996826171875 -0.2234798371791839599609375 0.97406876087188720703125
0.0392155759036540985107421875 -0.22292684018611907958984375 0.974046051502227783203125
0.0381336249411106109619140625 -0.21928779780864715576171875 0.974914729595184326171875
0.033137090504169464111328125 -0.21619175374507904052734375 0.975788414478302001953125
0.034253753721714019775390625 -0.21618361771106719970703125 0.975751698017120361328125
0.0353786312043666839599609375 -0.2151286900043487548828125 0.975944697856903076171875
0.043755121529102325439453125 -0.2145339548587799072265625 0.975735962390899658203125
0.02253404445946216583251953125 -0.2141611874103546142578125 0.976538360118865966796875
0.042091213166713714599609375 -0.21350200474262237548828125 0.97603547573089599609375
0.0348689444363117218017578125 -0.2088381946086883544921875 0.977328360080718994140625
0.0331950895488262176513671875 -0.20832435786724090576171875 0.977496325969696044921875
0.051126785576343536376953125 -0.2034304141998291015625 0.977753579616546630859375
0.051138199865818023681640625 -0.20237584412097930908203125 0.977971851825714111328125
0.0416787229478359222412109375 -0.1971797943115234375 0.9794809818267822265625
0.0389194190502166748046875 -0.19189877808094024658203125 0.980642735958099365234375
0.0395051650702953338623046875 -0.18870450556278228759765625 0.98123896121978759765625
0.01366832666099071502685546875 -0.1851026713848114013671875 0.982624113559722900390625
0.083269059658050537109375 -0.074864767491817474365234375 0.993710994720458984375
0.016510069370269775390625 -0.325186550617218017578125 0.94550573825836181640625
0.0606529451906681060791015625 -0.3223508298397064208984375 0.944675147533416748046875
0.01592520065605640411376953125 -0.313707292079925537109375 0.949386179447174072265625
0.01920256204903125762939453125 -0.3113760650157928466796875 0.950092732906341552734375
0.02050822786986827850341796875 -0.3113680183887481689453125 0.95006811618804931640625
0.0224665142595767974853515625 -0.3113549053668975830078125 0.950028121471405029296875
0.0048362412489950656890869140625 -0.3108505904674530029296875 0.95044648647308349609375
0.008105992339551448822021484375 -0.3096845149993896484375 0.95080482959747314453125
0.012688008137047290802001953125 -0.3079279363155364990234375 0.95132505893707275390625
0.030986078083515167236328125 -0.3078048527240753173828125 0.95094478130340576171875
-0.023342676460742950439453125 -0.29911518096923828125 0.95393145084381103515625
0.01932959444820880889892578125 -0.291491985321044921875 0.95637798309326171875
-0.0359173230826854705810546875 -0.2878106534481048583984375 0.957013547420501708984375
0.00355618796311318874359130859375 -0.2879946529865264892578125 0.95762538909912109375
0.0515515916049480438232421875 -0.28702151775360107421875 0.956535995006561279296875
0.012780549935996532440185546875 -0.285599887371063232421875 0.958263695240020751953125
0.0127946399152278900146484375 -0.2820303738117218017578125 0.959320127964019775390625
0.0614817403256893157958984375 -0.28151988983154296875 0.957583725452423095703125
0.02733886800706386566162109375 -0.2765733897686004638671875 0.96060383319854736328125
0.045138418674468994140625 -0.2763948142528533935546875 0.9599835872650146484375
0.059610784053802490234375 -0.2761847972869873046875 0.95925414562225341796875
0.0708065927028656005859375 -0.2741888463497161865234375 0.959065616130828857421875
0.06754960119724273681640625 -0.2730533778667449951171875 0.959624350070953369140625
0.054410003125667572021484375 -0.272673308849334716796875 0.960566937923431396484375
0.070200197398662567138671875 -0.2718046605587005615234375 0.959788620471954345703125
0.043891243636608123779296875 -0.2710126340389251708984375 0.961574614048004150390625
0.0544387735426425933837890625 -0.2708717882633209228515625 0.961074888706207275390625
0.0611070357263088226318359375 -0.26595199108123779296875 0.962047517299652099609375
-0.001721407170407474040985107421875 -0.265845119953155517578125 0.964014232158660888671875
0.038672387599945068359375 -0.265646636486053466796875 0.963294506072998046875
-0.0050381491892039775848388671875 -0.2634213268756866455078125 0.964667737483978271484375
0.0605000741779804229736328125 -0.262942135334014892578125 0.962912857532501220703125
-0.004377274774014949798583984375 -0.26160323619842529296875 0.965165555477142333984375
0.0341355502605438232421875 -0.2559830248355865478515625 0.96607840061187744140625
-0.001727531081996858119964599609375 -0.2530803978443145751953125 0.9674437046051025390625
0.0514064319431781768798828125 -0.252746164798736572265625 0.966166019439697265625
-0.038282133638858795166015625 -0.2522844970226287841796875 0.966895520687103271484375
-0.0043890178203582763671875 -0.2518556416034698486328125 0.967754840850830078125
0.052085928618907928466796875 -0.2515161931514739990234375 0.96645057201385498046875
0.0009331880719400942325592041015625 -0.2506340444087982177734375 0.96808147430419921875
-0.027010835707187652587890625 -0.2499304711818695068359375 0.967886984348297119140625
0.01956559903919696807861328125 -0.249973833560943603515625 0.96805489063262939453125
-0.0190396569669246673583984375 -0.24813763797283172607421875 0.96853768825531005859375
0.008925673551857471466064453125 -0.24755914509296417236328125 0.96883165836334228515625
-0.0150508843362331390380859375 -0.24692712724208831787109375 0.968917191028594970703125
0.01692109368741512298583984375 -0.24630562961101531982421875 0.969044506549835205078125
0.014928000979125499725341796875 -0.2450842559337615966796875 0.9693868160247802734375
0.116249196231365203857421875 -0.23855410516262054443359375 0.964146316051483154296875
0.0569039843976497650146484375 -0.23917688429355621337890625 0.969307124614715576171875
0.0542553029954433441162109375 -0.23859536647796630859375 0.969602286815643310546875
-0.014423723332583904266357421875 -0.2364488542079925537109375 0.9715368747711181640625
0.0589419044554233551025390625 -0.2360623180866241455078125 0.96994864940643310546875
0.07089900970458984375 -0.23526073992252349853515625 0.9693429470062255859375
0.05769218504428863525390625 -0.23050592839717864990234375 0.971359193325042724609375
0.078955717384815216064453125 -0.2295498549938201904296875 0.97008907794952392578125
0.068380884826183319091796875 -0.227245748043060302734375 0.971433699131011962890625
0.035089440643787384033203125 -0.22327338159084320068359375 0.97412407398223876953125
0.0404617898166179656982421875 -0.22072802484035491943359375 0.97449576854705810546875
0.039129830896854400634765625 -0.2201140224933624267578125 0.974689006805419921875
0.0337812639772891998291015625 -0.2195309102535247802734375 0.97502052783966064453125
0.070548854768276214599609375 -0.216606616973876953125 0.973706543445587158203125
0.03447544574737548828125 -0.2163911759853363037109375 0.97569787502288818359375
0.0458563007414340972900390625 -0.2162921130657196044921875 0.97525119781494140625
0.0351553000509738922119140625 -0.21513037383556365966796875 0.9759523868560791015625
0.0458822734653949737548828125 -0.21378053724765777587890625 0.9758036136627197265625
0.0438800752162933349609375 -0.2131712436676025390625 0.976028978824615478515625
0.067951150238513946533203125 -0.21225559711456298828125 0.974848806858062744140625
0.010368771851062774658203125 -0.20199628174304962158203125 0.97933137416839599609375
0.0332496576011180877685546875 -0.2006277143955230712890625 0.979103147983551025390625
0.089509479701519012451171875 -0.19803602993488311767578125 0.9760992527008056640625
0.090852268040180206298828125 -0.19737912714481353759765625 0.976108253002166748046875
0.0203810632228851318359375 -0.3288075029850006103515625 0.94417703151702880859375
0.0048220143653452396392822265625 -0.319273173809051513671875 0.947650492191314697265625
-0.013951265253126621246337890625 -0.3164851963520050048828125 0.948494851589202880859375
0.0548358224332332611083984375 -0.3153493702411651611328125 0.947390019893646240234375
0.02285633794963359832763671875 -0.311583697795867919921875 0.9499437808990478515625
0.04788886010646820068359375 -0.3113075196743011474609375 0.94910180568695068359375
0.031498529016971588134765625 -0.3087289035320281982421875 0.95062839984893798828125
0.01269001327455043792724609375 -0.3074629604816436767578125 0.951475441455841064453125
-0.0328859575092792510986328125 -0.3010252416133880615234375 0.9530489444732666015625
-0.02661406993865966796875 -0.2996766567230224609375 0.95366954803466796875
-0.0360683165490627288818359375 -0.2974775135517120361328125 0.954047262668609619140625
0.02141462452709674835205078125 -0.29407465457916259765625 0.955542504787445068359375
-0.02511614374816417694091796875 -0.290509283542633056640625 0.956542491912841796875
0.04980741441249847412109375 -0.2895314693450927734375 0.95587170124053955078125
0.0466710031032562255859375 -0.2888660132884979248046875 0.956231296062469482421875
0.0340830869972705841064453125 -0.2875922024250030517578125 0.95714628696441650390625
0.0475003235042095184326171875 -0.28601253032684326171875 0.95704782009124755859375
0.012780549935996532440185546875 -0.285599887371063232421875 0.958263695240020751953125
0.01832431741058826446533203125 -0.283435165882110595703125 0.9588162899017333984375
0.0593699105083942413330078125 -0.2822695672512054443359375 0.95749628543853759765625
0.0127946399152278900146484375 -0.2820303738117218017578125 0.959320127964019775390625
0.02150547504425048828125 -0.2805573642253875732421875 0.959596335887908935546875
0.06727851927280426025390625 -0.279986441135406494140625 0.957643568515777587890625
0.02309279702603816986083984375 -0.27983129024505615234375 0.9597713947296142578125
0.01993597857654094696044921875 -0.278416574001312255859375 0.9602534770965576171875
0.054752416908740997314453125 -0.275902926921844482421875 0.959624767303466796875
0.0468655191361904144287109375 -0.2752954959869384765625 0.96021664142608642578125
0.02471254765987396240234375 -0.2747948467731475830078125 0.961185276508331298828125
0.0262972153723239898681640625 -0.27478373050689697265625 0.96114635467529296875
0.03027091920375823974609375 -0.27331292629241943359375 0.961448729038238525390625
0.067423045635223388671875 -0.2728160321712493896484375 0.959700763225555419921875
0.04690547287464141845703125 -0.272417128086090087890625 0.961035251617431640625
0.050891570746898651123046875 -0.270201146602630615234375 0.9614579677581787109375
0.0532642304897308349609375 -0.270167648792266845703125 0.961338818073272705078125
0.044569708406925201416015625 -0.26956081390380859375 0.961951434612274169921875
0.02951590903103351593017578125 -0.2689884603023529052734375 0.962691009044647216796875
-0.002251294441521167755126953125 -0.2662075459957122802734375 0.96391308307647705078125
0.0374782867729663848876953125 -0.266021192073822021484375 0.96323835849761962890625
0.0612430013716220855712890625 -0.265708506107330322265625 0.962106168270111083984375
0.0597106628119945526123046875 -0.2628336846828460693359375 0.962991774082183837890625
-0.0373021028935909271240234375 -0.2572933733463287353515625 0.9656131267547607421875
0.034395091235637664794921875 -0.2565898001194000244140625 0.965908229351043701171875
-0.00385633786208927631378173828125 -0.2523454129695892333984375 0.96762955188751220703125
0.05194659531116485595703125 -0.252006590366363525390625 0.9663302898406982421875
0.01131069473922252655029296875 -0.2515972554683685302734375 0.96776592731475830078125
-0.0270099528133869171142578125 -0.250052928924560546875 0.96785533428192138671875
-0.01904089190065860748291015625 -0.24789227545261383056640625 0.968600451946258544921875
0.0512215681374073028564453125 -0.2468762099742889404296875 0.96769237518310546875
0.0591778270900249481201171875 -0.24676747620105743408203125 0.967266142368316650390625
0.01692054979503154754638671875 -0.24642847478389739990234375 0.969013273715972900390625
-0.0006650392315350472927093505859375 -0.24425029754638671875 0.9697120189666748046875
0.0329192019999027252197265625 -0.2433796823024749755859375 0.969372272491455078125
0.0329812578856945037841796875 -0.235973536968231201171875 0.97119963169097900390625
0.06812207400798797607421875 -0.23481197655200958251953125 0.969650804996490478515625
0.0546102114021778106689453125 -0.23203475773334503173828125 0.97117328643798828125
0.0777510106563568115234375 -0.23019154369831085205078125 0.9700343608856201171875
0.061839051544666290283203125 -0.228958785533905029296875 0.971469938755035400390625
0.035465545952320098876953125 -0.22626517713069915771484375 0.9734199047088623046875
0.0435801856219768524169921875 -0.2164396345615386962890625 0.97532284259796142578125
0.070823319256305694580078125 -0.2161014378070831298828125 0.97379887104034423828125
0.0347542278468608856201171875 -0.21500776708126068115234375 0.97599375247955322265625
0.043609797954559326171875 -0.21342520415782928466796875 0.975985586643218994140625
0.0420095920562744140625 -0.2126853168010711669921875 0.9762172698974609375
0.0331682674586772918701171875 -0.21200095117092132568359375 0.976706445217132568359375
0.04367505013942718505859375 -0.20662055909633636474609375 0.977445900440216064453125
0.0477054305374622344970703125 -0.20582468807697296142578125 0.977425396442413330078125
0.04133979976177215576171875 -0.19752134382724761962890625 0.979426562786102294921875
0.0437590368092060089111328125 -0.19750095903873443603515625 0.9793255329132080078125
0.01146844588220119476318359375 -0.19232927262783050537109375 0.981263458728790283203125
0.00325381755828857421875 -0.3234012424945831298828125 0.946256339550018310546875
0.00513470359146595001220703125 -0.3192726671695709228515625 0.9476490020751953125
0.0351718701422214508056640625 -0.3157673776149749755859375 0.948184549808502197265625
0.03143064677715301513671875 -0.3149768412113189697265625 0.948578774929046630859375
0.01925235055387020111083984375 -0.3117462694644927978515625 0.949970304965972900390625
0.007033142261207103729248046875 -0.310127794742584228515625 0.950668871402740478515625
0.0418275929987430572509765625 -0.3090294301509857177734375 0.95013225078582763671875
0.030571520328521728515625 -0.3074834346771240234375 0.95106220245361328125
-0.01841378770768642425537109375 -0.3033811151981353759765625 0.952691376209259033203125
0.03063187561929225921630859375 -0.3016081154346466064453125 0.952939808368682861328125
0.031600587069988250732421875 -0.2990707457065582275390625 0.95370757579803466796875
-0.0363843552768230438232421875 -0.2973332703113555908203125 0.95408022403717041015625
0.00328648532740771770477294921875 -0.294140517711639404296875 0.95575654506683349609375
0.02031159214675426483154296875 -0.2940814197063446044921875 0.9555644989013671875
0.062799073755741119384765625 -0.2918666303157806396484375 0.95439517498016357421875
0.049650125205516815185546875 -0.28953373432159423828125 0.95587921142578125
-0.00428900308907032012939453125 -0.28903639316558837890625 0.9573085308074951171875
0.0440082885324954986572265625 -0.2879069149494171142578125 0.9566466808319091796875
0.0468681044876575469970703125 -0.286163389682769775390625 0.957033932209014892578125
0.012780577875673770904541015625 -0.285599887371063232421875 0.958263695240020751953125
0.001399587956257164478302001953125 -0.2821961939334869384765625 0.95935571193695068359375
0.021348185837268829345703125 -0.2804150879383087158203125 0.959641396999359130859375
0.02325308322906494140625 -0.279543697834014892578125 0.95985138416290283203125
0.00235169450752437114715576171875 -0.278758108615875244140625 0.960358440876007080078125
0.0545969344675540924072265625 -0.2757616937160491943359375 0.95967423915863037109375
0.02423402853310108184814453125 -0.2752296924591064453125 0.961072981357574462890625
0.038486726582050323486328125 -0.2751065790653228759765625 0.960643112659454345703125
0.000451047904789447784423828125 -0.274446785449981689453125 0.961602151393890380859375
0.070710681378841400146484375 -0.2737598419189453125 0.95919525623321533203125
0.02519764192402362823486328125 -0.2734955251216888427734375 0.961543142795562744140625
0.0299527086317539215087890625 -0.2734596431255340576171875 0.961417019367218017578125
0.110218703746795654296875 -0.27191555500030517578125 0.955988347530364990234375
0.0290386341512203216552734375 -0.2691368162631988525390625 0.962664067745208740234375
0.046195805072784423828125 -0.2663586139678955078125 0.962766349315643310546875
-0.00241059693507850170135498046875 -0.2657721936702728271484375 0.964032828807830810546875
-0.0052772467024624347686767578125 -0.2631544172763824462890625 0.964739322662353515625
0.0595548152923583984375 -0.262690961360931396484375 0.96304035186767578125
0.0605638064444065093994140625 -0.259185850620269775390625 0.963926732540130615234375
-0.0368203707039356231689453125 -0.2577359676361083984375 0.96551358699798583984375
-0.0301516056060791015625 -0.25604021549224853515625 0.966195762157440185546875
-0.0043348926119506359100341796875 -0.2526383697986602783203125 0.967551052570343017578125
0.0521014817059040069580078125 -0.2522976100444793701171875 0.96624600887298583984375
0.01099102199077606201171875 -0.2517449557781219482421875 0.967731177806854248046875
0.0014122244901955127716064453125 -0.250878751277923583984375 0.96801745891571044921875
0.0186566449701786041259765625 -0.2508353292942047119140625 0.9678499698638916015625
0.02727999724447727203369140625 -0.24990417063236236572265625 0.9678862094879150390625
-0.01776154339313507080078125 -0.2481925487518310546875 0.968547880649566650390625
0.0244190804660320281982421875 -0.248157680034637451171875 0.96841180324554443359375
0.00908603332936763763427734375 -0.24733783304691314697265625 0.96888673305511474609375
0.0588575489819049835205078125 -0.246919214725494384765625 0.967246949672698974609375
0.02826372720301151275634765625 -0.24636526405811309814453125 0.968764841556549072265625
0.01772377453744411468505859375 -0.24554026126861572265625 0.96922433376312255859375
0.0608075596392154693603515625 -0.24424053728580474853515625 0.967806279659271240234375
0.0330764912068843841552734375 -0.243673801422119140625 0.969293057918548583984375
-0.00722652487456798553466796875 -0.2429141104221343994140625 0.97002089023590087890625
0.0225647799670696258544921875 -0.23752675950527191162109375 0.971118867397308349609375
0.0609178803861141204833984375 -0.23714600503444671630859375 0.96956217288970947265625
0.032183401286602020263671875 -0.23568256199359893798828125 0.9712970256805419921875
0.06765188276767730712890625 -0.2343743741512298583984375 0.96978962421417236328125
0.07242728769779205322265625 -0.2342956066131591796875 0.96946370601654052734375
0.054292738437652587890625 -0.2318899631500244140625 0.971225678920745849609375
-0.011099104769527912139892578125 -0.23132373392581939697265625 0.972813546657562255859375
0.0820524990558624267578125 -0.22966580092906951904296875 0.96980464458465576171875
-0.01688278652727603912353515625 -0.229514420032501220703125 0.97315883636474609375
0.035125911235809326171875 -0.22850973904132843017578125 0.972907721996307373046875
0.0342293716967105865478515625 -0.22042904794216156005859375 0.9748022556304931640625
0.0438983924686908721923828125 -0.21673767268657684326171875 0.9752423763275146484375
0.070818491280078887939453125 -0.216402113437652587890625 0.973732471466064453125
0.021728791296482086181640625 -0.21327602863311767578125 0.976750314235687255859375
0.031395532190799713134765625 -0.21231520175933837890625 0.976696789264678955078125
0.033327050507068634033203125 -0.212301909923553466796875 0.976635634899139404296875
0.04395188391208648681640625 -0.21130849421024322509765625 0.976430714130401611328125
0.03044794499874114990234375 -0.209599971771240234375 0.97731304168701171875
0.010154453106224536895751953125 -0.20148949325084686279296875 0.9794380664825439453125
0.033412136137485504150390625 -0.20047442615032196044921875 0.979129016399383544921875
0.0411772169172763824462890625 -0.1976750791072845458984375 0.979402363300323486328125
0.044468618929386138916015625 -0.14851044118404388427734375 0.9879105091094970703125
0.00306578050367534160614013671875 -0.3240598738193511962890625 0.9460315704345703125
0.02330326847732067108154296875 -0.3219971358776092529296875 0.9464538097381591796875
-0.01382310502231121063232421875 -0.317093789577484130859375 0.9482934474945068359375
0.03130786120891571044921875 -0.308981418609619140625 0.950552642345428466796875
0.02348842285573482513427734375 -0.298968791961669921875 0.9539737701416015625
-0.033193491399288177490234375 -0.2958438694477081298828125 0.954659402370452880859375
0.0553286075592041015625 -0.2884260118007659912109375 0.955902278423309326171875
-0.0366981662809848785400390625 -0.2866267859935760498046875 0.95733916759490966796875
0.0463107936084270477294921875 -0.2854876220226287841796875 0.957262814044952392578125
0.0542830266058444976806640625 -0.28332149982452392578125 0.95748746395111083984375
0.06678520143032073974609375 -0.2810526192188262939453125 0.9573657512664794921875
0.02481083013117313385009765625 -0.2743623256683349609375 0.961306273937225341796875
0.0464847199618816375732421875 -0.2731138765811920166015625 0.960857927799224853515625
0.066950790584087371826171875 -0.272795975208282470703125 0.959739506244659423828125
0.051085315644741058349609375 -0.2699386179447174072265625 0.9615213871002197265625
-0.001456202357076108455657958984375 -0.2661208808422088623046875 0.963938534259796142578125
0.0465831793844699859619140625 -0.2658322751522064208984375 0.96289312839508056640625
-0.00489547662436962127685546875 -0.2629803717136383056640625 0.96478879451751708984375
-0.0393374152481555938720703125 -0.2543787062168121337890625 0.966304302215576171875
-0.00375934853218495845794677734375 -0.253518879413604736328125 0.967323124408721923828125
-0.0221572257578372955322265625 -0.2502885162830352783203125 0.967917740345001220703125
0.0192340202629566192626953125 -0.250303685665130615234375 0.9679763317108154296875
0.067642904818058013916015625 -0.234908640384674072265625 0.969660937786102294921875
0.06778432428836822509765625 -0.226334750652313232421875 0.97168815135955810546875
0.035544149577617645263671875 -0.224558293819427490234375 0.973812162876129150390625
0.0390192307531833648681640625 -0.2234506309032440185546875 0.9739339351654052734375
0.03904874622821807861328125 -0.2202098369598388671875 0.9746706485748291015625
0.067954458296298980712890625 -0.21554315090179443359375 0.974126994609832763671875
0.04372535645961761474609375 -0.21475107967853546142578125 0.97568953037261962890625
0.0414714179933071136474609375 -0.20824559032917022705078125 0.9771969318389892578125
0.0507833473384380340576171875 -0.2037914693355560302734375 0.97769629955291748046875
0.0404509194195270538330078125 -0.1918173730373382568359375 0.98059666156768798828125
-0.01492820680141448974609375 -0.3210588395595550537109375 0.9469416141510009765625
0.0301068089902400970458984375 -0.3159855306148529052734375 0.94828617572784423828125
0.082932613790035247802734375 -0.1366907656192779541015625 0.987136185169219970703125
0.0336770713329315185546875 -0.29888164997100830078125 0.953695774078369140625
-0.036579035222530364990234375 -0.296823978424072265625 0.95423138141632080078125
0.003097467124462127685546875 -0.2939709722995758056640625 0.955809295177459716796875
-0.01649541594088077545166015625 -0.23005332052707672119140625 0.973038196563720703125
0.00196595746092498302459716796875 -0.287844181060791015625 0.9576752185821533203125
0.0607266686856746673583984375 -0.23714877665042877197265625 0.969573497772216796875
0.0561199299991130828857421875 -0.23827953636646270751953125 0.96957385540008544921875
0.0167733095586299896240234375 -0.283699929714202880859375 0.958766400814056396484375
0.0192873589694499969482421875 -0.2396785318851470947265625 0.970660686492919921875
-0.00261695054359734058380126953125 -0.24398362636566162109375 0.96977579593658447265625
0.06061111390590667724609375 -0.24459706246852874755859375 0.967728555202484130859375
0.0122225768864154815673828125 -0.2826900482177734375 0.959133446216583251953125
0.001986905001103878021240234375 -0.25140726566314697265625 0.967879354953765869140625
0.060081489384174346923828125 -0.276019155979156494140625 0.959272444248199462890625
-0.00031042323098517954349517822265625 -0.274446785449981689453125 0.96160221099853515625
-0.02900069765746593475341796875 -0.25657522678375244140625 0.966089069843292236328125
0.109241671860218048095703125 -0.2551470100879669189453125 0.96071135997772216796875
0.060228027403354644775390625 -0.267721354961395263671875 0.96161210536956787109375
0.03614951670169830322265625 -0.280467450618743896484375 0.959182560443878173828125
0.0250147618353366851806640625 -0.24497090280055999755859375 0.96920764446258544921875
-0.007226496003568172454833984375 -0.2429141104221343994140625 0.97002089023590087890625
0.004298138432204723358154296875 -0.24078755080699920654296875 0.97056829929351806640625
0.0337874703109264373779296875 -0.2887035906314849853515625 0.9568221569061279296875
-0.0037206369452178478240966796875 -0.288866519927978515625 0.95736217498779296875
0.01331876777112483978271484375 -0.2929276525974273681640625 0.956041872501373291015625
0.01443993486464023590087890625 -0.2959761321544647216796875 0.955086171627044677734375
0.013296865858137607574462890625 -0.29801118373870849609375 0.954469740390777587890625
0.02754916809499263763427734375 -0.2094359695911407470703125 0.977434217929840087890625
0.0217626132071018218994140625 -0.20619253814220428466796875 0.978269398212432861328125
0.01554833352565765380859375 -0.301039397716522216796875 0.953484952449798583984375
0.006486144848167896270751953125 -0.3020801544189453125 0.953260481357574462890625
0.047053761780261993408203125 -0.31079232692718505859375 0.9493124485015869140625
0.054830066859722137451171875 -0.3156532943248748779296875 0.94728910923004150390625
0.0098389573395252227783203125 -0.315117299556732177734375 0.949001729488372802734375
0.010045493952929973602294921875 -0.2471587359905242919921875 0.968922913074493408203125
0.0341092012822628021240234375 -0.2565338313579559326171875 0.96593320369720458984375
0.018104903399944305419921875 -0.24606953561305999755859375 0.9690830707550048828125
0.0861503779888153076171875 -0.27445900440216064453125 0.957731902599334716796875
0.0603707619011402130126953125 -0.2593635618686676025390625 0.96389102935791015625
0.0384847782552242279052734375 -0.2752791345119476318359375 0.960593760013580322265625
0.02028572373092174530029296875 -0.3036390244960784912109375 0.9525711536407470703125
0.0284268558025360107421875 -0.303578794002532958984375 0.95238220691680908203125
0.02303698472678661346435546875 -0.298769295215606689453125 0.954047262668609619140625
-0.0354399569332599639892578125 -0.297444760799407958984375 0.954081058502197265625
-0.0369417555630207061767578125 -0.2851888835430145263671875 0.9577591419219970703125
0.0545029342174530029296875 -0.2837286889553070068359375 0.95735442638397216796875
0.06678523123264312744140625 -0.2810526192188262939453125 0.9573657512664794921875
0.023171365261077880859375 -0.280369341373443603515625 0.95961248874664306640625
0.01497794874012470245361328125 -0.2779355347156524658203125 0.96048295497894287109375
0.02457506395876407623291015625 -0.2754000127315521240234375 0.96101558208465576171875
0.0464733541011810302734375 -0.27394306659698486328125 0.96062242984771728515625
0.0669589936733245849609375 -0.2723815143108367919921875 0.95985662937164306640625
0.03010499663650989532470703125 -0.269128322601318359375 0.96263372898101806640625
0.042435251176357269287109375 -0.2690078318119049072265625 0.962202727794647216796875
-0.001456406083889305591583251953125 -0.2654940187931060791015625 0.964111387729644775390625
-0.005583054386079311370849609375 -0.2629794180393218994140625 0.964785277843475341796875
0.058949805796146392822265625 -0.2625261843204498291015625 0.96312248706817626953125
-0.004219618625938892364501953125 -0.252884924411773681640625 0.967487156391143798828125
0.0275350324809551239013671875 -0.24644100666046142578125 0.96876657009124755859375
0.067628540098667144775390625 -0.23576305806636810302734375 0.969454586505889892578125
0.0731275379657745361328125 -0.2356713712215423583984375 0.969077587127685546875
0.04728312790393829345703125 -0.20622892677783966064453125 0.97736072540283203125
0.0431118942797183990478515625 -0.206267893314361572265625 0.97754538059234619140625
0.0403183512389659881591796875 -0.20760120451450347900390625 0.97738230228424072265625
0.07188899815082550048828125 -0.2279876768589019775390625 0.971006453037261962890625
0.0677773952484130859375 -0.2267647087574005126953125 0.9715883731842041015625
0.0346093215048313140869140625 -0.2258590161800384521484375 0.973545014858245849609375
0.0387901850044727325439453125 -0.2232367992401123046875 0.9739921092987060546875
0.0444645620882511138916015625 -0.2101792991161346435546875 0.97665119171142578125
0.03882531821727752685546875 -0.2193463742733001708984375 0.9748742580413818359375
0.06794114410877227783203125 -0.2164094150066375732421875 0.973935782909393310546875
0.0360713899135589599609375 -0.21676947176456451416015625 0.975556194782257080078125
0.02777589671313762664794921875 -0.21030621230602264404296875 0.97724092006683349609375
0.0566665343940258026123046875 -0.2320735752582550048828125 0.9710462093353271484375
0.0320313684642314910888671875 -0.19847302138805389404296875 0.97958278656005859375
0.01929156668484210968017578125 -0.23882472515106201171875 0.970871031284332275390625
-0.01669009216129779815673828125 -0.23883591592311859130859375 0.9709165096282958984375
0.053767867386341094970703125 -0.2423564493656158447265625 0.96869623661041259765625
0.0606278441846370697021484375 -0.2435356080532073974609375 0.967995166778564453125
0.015326076187193393707275390625 -0.18399791419506072998046875 0.982807159423828125
0.0330750010907649993896484375 -0.2438509464263916015625 0.9692485332489013671875
0.02202917076647281646728515625 -0.24392522871494293212890625 0.96954381465911865234375
0.024783320724964141845703125 -0.24518479406833648681640625 0.969159543514251708984375
0.0591938979923725128173828125 -0.24737308919429779052734375 0.967110455036163330078125
0.03717710077762603759765625 -0.24763630330562591552734375 0.96813952922821044921875
0.0605267025530338287353515625 -0.249890983104705810546875 0.9663803577423095703125
0.010953170247375965118408203125 -0.2516041100025177001953125 0.967768251895904541015625
-0.016274154186248779296875 -0.32164609432220458984375 0.946720063686370849609375
0.001297032111324369907379150390625 -0.25161898136138916015625 0.967825472354888916015625
-0.0221345424652099609375 -0.254091560840606689453125 0.966926872730255126953125
-0.0372269153594970703125 -0.25902760028839111328125 0.965152263641357421875
0.0602316744625568389892578125 -0.2675131261348724365234375 0.961669862270355224609375
-0.017682604491710662841796875 -0.3120885789394378662109375 0.949888408184051513671875
0.001286853454075753688812255859375 -0.27920615673065185546875 0.960230350494384765625
0.059942662715911865234375 -0.2836400568485260009765625 0.95705544948577880859375
0.01631587184965610504150390625 -0.2841131985187530517578125 0.95865190029144287109375
-0.01909846253693103790283203125 -0.302435338497161865234375 0.952978551387786865234375
0.0067117405124008655548095703125 -0.3024837076663970947265625 0.9531309604644775390625
0.03252162039279937744140625 -0.3011186420917510986328125 0.953031957149505615234375
-0.0259687900543212890625 -0.292650997638702392578125 0.955866634845733642578125
-0.02590717934072017669677734375 -0.2999633252620697021484375 0.95359885692596435546875
0.0176272056996822357177734375 -0.293926715850830078125 0.955665409564971923828125
0.0026423162780702114105224609375 -0.29519259929656982421875 0.955434143543243408203125
0.033905677497386932373046875 -0.298676788806915283203125 0.953751862049102783203125
0.01352541334927082061767578125 -0.297604501247406005859375 0.9545934200286865234375
-0.0041751824319362640380859375 -0.289070606231689453125 0.957298696041107177734375
-0.02738333679735660552978515625 -0.286507427692413330078125 0.957686603069305419921875
-0.0068373940885066986083984375 -0.3181108534336090087890625 0.948028862476348876953125
0.0472820810973644256591796875 -0.3105889856815338134765625 0.94936764240264892578125
0.02222615294158458709716796875 -0.20640884339809417724609375 0.978213369846343994140625
-0.011176557280123233795166015625 -0.2311445176601409912109375 0.97285521030426025390625
0.0603813417255878448486328125 -0.2587343156337738037109375 0.96405947208404541015625
0.0354690663516521453857421875 -0.280268192291259765625 0.959266245365142822265625
0.0340123735368251800537109375 -0.2889058589935302734375 0.95675313472747802734375
0.0263297855854034423828125 -0.21943576633930206298828125 0.97527158260345458984375
0.109429590404033660888671875 -0.256396830081939697265625 0.960357129573822021484375
0.0028847777284681797027587890625 -0.325244128704071044921875 0.94562566280364990234375
0.033683888614177703857421875 -0.3179377615451812744140625 0.947513043880462646484375
0.04824139177799224853515625 -0.317747890949249267578125 0.94694721698760986328125
0.01914333365857601165771484375 -0.31232011318206787109375 0.9497840404510498046875
0.0224352963268756866455078125 -0.3065248429775238037109375 0.951598227024078369140625
0.0241204388439655303955078125 -0.29924786090850830078125 0.953870475292205810546875
0.0306559316813945770263671875 -0.2977352440357208251953125 0.9541561603546142578125
-0.02321795187890529632568359375 -0.296333491802215576171875 0.9548022747039794921875
-0.03302352130413055419921875 -0.2947886288166046142578125 0.95499169826507568359375
0.01762997545301914215087890625 -0.293437898159027099609375 0.9558155536651611328125
-0.0003548129461705684661865234375 -0.2861225605010986328125 0.95819294452667236328125
0.0536784045398235321044921875 -0.284233868122100830078125 0.957251131534576416015625
0.01606933213770389556884765625 -0.278674662113189697265625 0.9602510929107666015625
0.02429947815835475921630859375 -0.2756504118442535400390625 0.960950791835784912109375
0.0308823324739933013916015625 -0.2741085588932037353515625 0.961202800273895263671875
0.044013582170009613037109375 -0.2739736139774322509765625 0.960729539394378662109375
0.066963918507099151611328125 -0.27213275432586669921875 0.9599268436431884765625
0.0309230387210845947265625 -0.2696212232112884521484375 0.9624698162078857421875
0.042429096996784210205078125 -0.2695073187351226806640625 0.96206319332122802734375
0.0522781908512115478515625 -0.2693813741207122802734375 0.961613595485687255859375
0.0605004765093326568603515625 -0.267758548259735107421875 0.96158468723297119140625
-0.0003568767569959163665771484375 -0.2667476236820220947265625 0.9637663364410400390625
0.034256331622600555419921875 -0.2650878131389617919921875 0.963615596294403076171875
0.0457729063928127288818359375 -0.264965474605560302734375 0.96317088603973388671875
-0.0400240831077098846435546875 -0.254456043243408203125 0.96625578403472900390625
0.011224432848393917083740234375 -0.2531246244907379150390625 0.967368543148040771484375
0.05252178013324737548828125 -0.2527911961078643798828125 0.9660942554473876953125
-0.021873950958251953125 -0.2515589892864227294921875 0.96759474277496337890625
0.0029524913989007472991943359375 -0.251618087291717529296875 0.96782207489013671875
0.01453912071883678436279296875 -0.2515926063060760498046875 0.967724025249481201171875
0.017848670482635498046875 -0.2515791356563568115234375 0.967672169208526611328125
0.0608053021132946014404296875 -0.24963319301605224609375 0.966429531574249267578125
0.0245055891573429107666015625 -0.2454413473606109619140625 0.9691016674041748046875
0.02120036073029041290283203125 -0.2439295947551727294921875 0.969561159610748291015625
0.0593227781355381011962890625 -0.23896004259586334228515625 0.9692156314849853515625
0.0611143447458744049072265625 -0.2296974360942840576171875 0.971341431140899658203125
0.0346135757863521575927734375 -0.2253417670726776123046875 0.973664700984954833984375
0.067953176796436309814453125 -0.215629756450653076171875 0.97410786151885986328125
0.0498154126107692718505859375 -0.20332054793834686279296875 0.977844178676605224609375
-0.00035625466261990368366241455078125 -0.272744953632354736328125 0.96208631992340087890625
-0.01822246424853801727294921875 -0.31232547760009765625 0.94980037212371826171875
-0.0183462537825107574462890625 -0.2919662892818450927734375 0.956252634525299072265625
0.060680516064167022705078125 -0.2572185695171356201171875 0.96444618701934814453125
-0.0218559764325618743896484375 -0.2545992434024810791015625 0.96679961681365966796875
0.02485989034175872802734375 -0.18130366504192352294921875 0.983112871646881103515625
0.001287075108848512172698974609375 -0.278710424900054931640625 0.960374355316162109375
0.01609795726835727691650390625 -0.2727096080780029296875 0.961961686611175537109375
0.0467419885098934173583984375 -0.310596883296966552734375 0.949391782283782958984375
-0.00198725424706935882568359375 -0.29641282558441162109375 0.9550578594207763671875
-0.0052667879499495029449462890625 -0.289069116115570068359375 0.9572937488555908203125
0.0561252497136592864990234375 -0.23130916059017181396484375 0.971260011196136474609375
0.056017823517322540283203125 -0.239005744457244873046875 0.96940100193023681640625
-0.01696457900106906890869140625 -0.23934717476367950439453125 0.9707858562469482421875
-0.0086561776697635650634765625 -0.24244289100170135498046875 0.970127046108245849609375
0.009585543535649776458740234375 -0.24703252315521240234375 0.968959748744964599609375
-0.0020178817212581634521484375 -0.24398393929004669189453125 0.969777166843414306640625
0.050767965614795684814453125 -0.2603829801082611083984375 0.9641697406768798828125
0.0528121776878833770751953125 -0.23135103285312652587890625 0.971435844898223876953125
0.02632187865674495697021484375 -0.22073422372341156005859375 0.974978744983673095703125
0.035744883120059967041015625 -0.2800180017948150634765625 0.959329068660736083984375
0.00902804918587207794189453125 -0.32608377933502197265625 0.945297777652740478515625
0.0265477485954761505126953125 -0.319149792194366455078125 0.9473323822021484375
0.0323952734470367431640625 -0.3173790872097015380859375 0.947745263576507568359375
0.02275617979466915130615234375 -0.3071015179157257080078125 0.951404631137847900390625
0.024765551090240478515625 -0.3001177012920379638671875 0.9535806179046630859375
-0.0340024866163730621337890625 -0.29477894306182861328125 0.954960346221923828125
-0.02814316190779209136962890625 -0.2930739223957061767578125 0.95567548274993896484375
0.0543065331876277923583984375 -0.2857003509998321533203125 0.956779003143310546875
0.01705302856862545013427734375 -0.2789675295352935791015625 0.960149109363555908203125
0.02297497726976871490478515625 -0.2771490514278411865234375 0.960552215576171875
0.0308713801205158233642578125 -0.2753022015094757080078125 0.9608619213104248046875
0.06037352979183197021484375 -0.27493107318878173828125 0.959566533565521240234375
0.01708042062819004058837890625 -0.2736019194126129150390625 0.961691319942474365234375
0.0721727311611175537109375 -0.2729282379150390625 0.959323346614837646484375
-0.0006869955104775726795196533203125 -0.26464116573333740234375 0.964346706867218017578125
0.032944850623607635498046875 -0.2644975483417510986328125 0.96382343769073486328125
0.05859406292438507080078125 -0.264186561107635498046875 0.9626901149749755859375
0.060685597360134124755859375 -0.256916105747222900390625 0.96452653408050537109375
0.00328172300942242145538330078125 -0.2537472248077392578125 0.96726500988006591796875
0.02315219677984714508056640625 -0.250028908252716064453125 0.9679615497589111328125
0.056851260364055633544921875 -0.24969147145748138427734375 0.96665513515472412109375
0.0609507672488689422607421875 -0.24046976864337921142578125 0.96874105930328369140625
0.06893302500247955322265625 -0.236663758754730224609375 0.9691431522369384765625
0.0352737605571746826171875 -0.2259571850299835205078125 0.973498404026031494140625
0.0392815768718719482421875 -0.22406099736690521240234375 0.97378313541412353515625
0.0393328107893466949462890625 -0.21845877170562744140625 0.97505319118499755859375
0.0434015952050685882568359375 -0.21092046797275543212890625 0.97653925418853759765625
0.0474214255809783935546875 -0.20900094509124755859375 0.976764976978302001953125
-0.00264936569146811962127685546875 -0.2861215770244598388671875 0.958189666271209716796875
-0.0046504852361977100372314453125 -0.2610185444355010986328125 0.965322554111480712890625
0.02119701914489269256591796875 -0.244541943073272705078125 0.969407021999359130859375
-0.01638710312545299530029296875 -0.2913884818553924560546875 0.95646440982818603515625
0.044484220445156097412109375 -0.287608921527862548828125 0.956714332103729248046875
-0.004551318474113941192626953125 -0.32779443264007568359375 0.944738090038299560546875
0.00128415063954889774322509765625 -0.2861223518848419189453125 0.95819222927093505859375
-0.012314761988818645477294921875 -0.32607233524322509765625 0.9452645778656005859375
0.0420810543000698089599609375 -0.3189795017242431640625 0.946826934814453125
0.01881855539977550506591796875 -0.3123220503330230712890625 0.94978988170623779296875
0.00128695927560329437255859375 -0.2790078818798065185546875 0.96028792858123779296875
-0.0006855660467408597469329833984375 -0.2718473374843597412109375 0.962340176105499267578125
-0.01625393331050872802734375 -0.3157843649387359619140625 0.948691785335540771484375
0.032606162130832672119140625 -0.298300683498382568359375 0.9539148807525634765625
0.096500337123870849609375 -0.1315814554691314697265625 0.98659718036651611328125
-0.0185452066361904144287109375 -0.2555269300937652587890625 0.9666240215301513671875
-0.02451853267848491668701171875 -0.2518478929996490478515625 0.96745622158050537109375
-0.0006803146679885685443878173828125 -0.2967058718204498291015625 0.9549686908721923828125
-0.012299404479563236236572265625 -0.32947051525115966796875 0.944085776805877685546875
0.003292835317552089691162109375 -0.24091638624668121337890625 0.9705402851104736328125
0.011265869252383708953857421875 -0.2390590012073516845703125 0.970939695835113525390625
0.009251079522073268890380859375 -0.24825496971607208251953125 0.968650519847869873046875
-0.008572635240852832794189453125 -0.27721202373504638671875 0.960770547389984130859375
