4.586872577667236328125 -16.3384723663330078125 37.380672454833984375
6.60654735565185546875 -6.40873813629150390625 32.4044036865234375
2.369562625885009765625 -13.02656650543212890625 38.6125640869140625
5.618078708648681640625 -17.30422210693359375 36.758899688720703125
17.0328006744384765625 -17.1802616119384765625 33.8697509765625
3.494415760040283203125 -17.699565887451171875 36.16107940673828125
9.6004314422607421875 -6.47817325592041015625 31.4586353302001953125
3.6323430538177490234375 -15.673816680908203125 36.26036834716796875
2.9871966838836669921875 -11.12833881378173828125 35.546718597412109375
12.7948474884033203125 -18.497081756591796875 33.639705657958984375
7.777785778045654296875 3.2382433414459228515625 35.11167144775390625
7.125783443450927734375 -21.085529327392578125 41.076198577880859375
5.21147251129150390625 5.67933177947998046875 37.66376495361328125
9.4877166748046875 8.02340793609619140625 36.48285675048828125
12.3237934112548828125 -15.9828662872314453125 36.043422698974609375
5.380784511566162109375 11.703960418701171875 39.842342376708984375
7.254241466522216796875 -14.94468021392822265625 34.41925048828125
9.20257282257080078125 4.6994075775146484375 35.321704864501953125
4.257320880889892578125 -18.542819976806640625 37.335784912109375
7.76633453369140625 3.5309460163116455078125 37.3726806640625
11.551731109619140625 9.93572139739990234375 33.769184112548828125
7.555880069732666015625 -0.124774076044559478759765625 34.0124969482421875
7.518016815185546875 -10.0509700775146484375 40.958744049072265625
7.220279693603515625 3.726163387298583984375 35.1749420166015625
7.592929363250732421875 2.554522991180419921875 35.137584686279296875
5.618078708648681640625 -17.30422210693359375 36.758899688720703125
11.82248687744140625 4.592353343963623046875 34.9293365478515625
2.369562625885009765625 -13.02656650543212890625 38.6125640869140625
3.9826221466064453125 -13.18304920196533203125 32.418239593505859375
8.25134563446044921875 -6.202472209930419921875 31.9576873779296875
17.13597869873046875 -16.133365631103515625 32.394359588623046875
7.791785717010498046875 -10.140331268310546875 40.535671234130859375
5.137538909912109375 -1.5734727382659912109375 34.901103973388671875
7.242954254150390625 -6.430942058563232421875 33.6022491455078125
6.86542034149169921875 -9.7274761199951171875 39.719440460205078125
13.45910167694091796875 -0.95169961452484130859375 33.512622833251953125
8.106792449951171875 -1.0231320858001708984375 33.30706024169921875
17.40126800537109375 -4.372646331787109375 34.870647430419921875
8.65338039398193359375 -3.3972966670989990234375 40.335826873779296875
11.26406383514404296875 -6.96196746826171875 31.1510829925537109375
19.5222148895263671875 -7.2856159210205078125 34.798076629638671875
13.75419330596923828125 7.87471103668212890625 36.28741455078125
10.45130825042724609375 12.36388111114501953125 37.497406005859375
10.45130825042724609375 12.36388111114501953125 37.497406005859375
7.379283428192138671875 12.207202911376953125 38.7040252685546875
17.0328006744384765625 -17.1802616119384765625 33.8697509765625
3.9826221466064453125 -13.18304920196533203125 32.418239593505859375
15.2979755401611328125 -3.68370914459228515625 41.762058258056640625
8.65338039398193359375 -3.3972966670989990234375 40.335826873779296875
10.0273571014404296875 -0.794475018978118896484375 33.041820526123046875
19.5222148895263671875 -7.2856159210205078125 34.798076629638671875
7.242954254150390625 -6.430942058563232421875 33.6022491455078125
18.9959964752197265625 -16.059749603271484375 37.359676361083984375
11.55081939697265625 -8.6477069854736328125 30.771289825439453125
7.555880069732666015625 -0.124774076044559478759765625 34.0124969482421875
10.922428131103515625 -7.101508617401123046875 35.92504119873046875
5.557106494903564453125 10.96877574920654296875 39.3612518310546875
13.0141143798828125 -8.82611942291259765625 35.257511138916015625
6.00329685211181640625 11.1304874420166015625 39.12067413330078125
6.466742992401123046875 -9.255611419677734375 40.3575439453125
8.4842891693115234375 4.653034687042236328125 35.6886444091796875
12.50406551361083984375 7.889915943145751953125 35.6489105224609375
19.6291637420654296875 16.311748504638671875 46.399135589599609375
19.6291637420654296875 16.311748504638671875 46.399135589599609375
6.86542034149169921875 -9.7274761199951171875 39.719440460205078125
15.106903076171875 -8.67075634002685546875 38.155689239501953125
7.518016815185546875 -10.0509700775146484375 40.958744049072265625
4.088346004486083984375 5.992205142974853515625 38.795803070068359375
7.86937236785888671875 12.15750980377197265625 38.152652740478515625
9.43310546875 -3.2952785491943359375 40.06978607177734375
10.28236103057861328125 -0.4686287343502044677734375 34.8178863525390625
12.50698947906494140625 -9.04108715057373046875 43.359287261962890625
9.1586475372314453125 7.372499942779541015625 36.7548065185546875
13.037830352783203125 2.195899486541748046875 34.339717864990234375
13.037830352783203125 2.195899486541748046875 34.339717864990234375
10.45130825042724609375 12.36388111114501953125 37.497406005859375
5.2248363494873046875 11.38659381866455078125 39.786468505859375
11.9550418853759765625 5.135868072509765625 35.494907379150390625
10.35402584075927734375 12.2872467041015625 37.976581573486328125
19.6291637420654296875 16.311748504638671875 46.399135589599609375
19.6291637420654296875 16.311748504638671875 46.399135589599609375
25.7457714080810546875 12.7600765228271484375 91.21245574951171875
2.369562625885009765625 -13.02656650543212890625 38.6125640869140625
3.9826221466064453125 -13.18304920196533203125 32.418239593505859375
8.175079345703125 -12.97713565826416015625 34.438167572021484375
13.0141143798828125 -8.82611942291259765625 35.257511138916015625
13.0141143798828125 -8.82611942291259765625 35.257511138916015625
11.749767303466796875 -14.05452823638916015625 32.876556396484375
4.257320880889892578125 -18.542819976806640625 37.335784912109375
9.6004314422607421875 -6.47817325592041015625 31.4586353302001953125
2.9963366985321044921875 -5.437269687652587890625 34.601184844970703125
5.718158245086669921875 -6.962874889373779296875 32.315052032470703125
5.912189483642578125 -14.79251575469970703125 35.4767913818359375
17.0501194000244140625 -10.68233203887939453125 33.063503265380859375
11.745319366455078125 -18.191730499267578125 38.23168182373046875
13.45910167694091796875 -0.95169961452484130859375 33.512622833251953125
5.249179840087890625 -15.57396697998046875 35.97032928466796875
11.88877582550048828125 -21.5800991058349609375 42.736736297607421875
17.0328006744384765625 -17.1802616119384765625 33.8697509765625
6.53194713592529296875 -9.93244647979736328125 40.316059112548828125
13.037830352783203125 2.195899486541748046875 34.339717864990234375
5.351894855499267578125 10.11885356903076171875 37.51158905029296875
4.586872577667236328125 -16.3384723663330078125 37.380672454833984375
2.369562625885009765625 -13.02656650543212890625 38.6125640869140625
5.905050754547119140625 -8.29619598388671875 39.36798858642578125
7.555880069732666015625 -0.124774076044559478759765625 34.0124969482421875
8.25134563446044921875 -6.202472209930419921875 31.9576873779296875
15.106903076171875 -8.67075634002685546875 38.155689239501953125
7.555880069732666015625 -0.124774076044559478759765625 34.0124969482421875
4.586872577667236328125 -16.3384723663330078125 37.380672454833984375
15.24080562591552734375 -17.6206989288330078125 34.143741607666015625
8.99304103851318359375 -17.821590423583984375 36.41613006591796875
12.30086803436279296875 4.613466739654541015625 33.79553985595703125
12.6090946197509765625 12.5950565338134765625 38.69573974609375
15.24080562591552734375 -17.6206989288330078125 34.143741607666015625
8.65338039398193359375 -3.3972966670989990234375 40.335826873779296875
6.53194713592529296875 -9.93244647979736328125 40.316059112548828125
7.379283428192138671875 12.207202911376953125 38.7040252685546875
16.1272430419921875 -18.98952484130859375 35.853511810302734375
8.80770778656005859375 4.729036808013916015625 35.617290496826171875
10.45130825042724609375 12.36388111114501953125 37.497406005859375
11.69431591033935546875 -0.85363709926605224609375 32.852733612060546875
20.438785552978515625 -8.94670772552490234375 35.675342559814453125
15.7293987274169921875 -15.66796207427978515625 35.072681427001953125
12.50698947906494140625 -9.04108715057373046875 43.359287261962890625
8.65338039398193359375 -3.3972966670989990234375 40.335826873779296875
8.106792449951171875 -1.0231320858001708984375 33.30706024169921875
19.5222148895263671875 -7.2856159210205078125 34.798076629638671875
5.702623844146728515625 -18.20783233642578125 39.260089874267578125
5.557106494903564453125 10.96877574920654296875 39.3612518310546875
12.6090946197509765625 12.5950565338134765625 38.69573974609375
14.69819164276123046875 7.720901012420654296875 36.49573516845703125
14.54306793212890625 -15.6895122528076171875 35.582683563232421875
7.555880069732666015625 -0.124774076044559478759765625 34.0124969482421875
11.551731109619140625 9.93572139739990234375 33.769184112548828125
10.64298725128173828125 10.9818210601806640625 37.2865753173828125
9.58933353424072265625 7.26249027252197265625 36.13191986083984375
13.75419330596923828125 7.87471103668212890625 36.28741455078125
18.3910732269287109375 13.8021717071533203125 49.308197021484375
20.438785552978515625 -8.94670772552490234375 35.675342559814453125
8.65454387664794921875 -3.132153034210205078125 37.9413299560546875
9.3937168121337890625 3.90393352508544921875 34.976718902587890625
6.78357601165771484375 11.2414989471435546875 38.458343505859375
7.86937236785888671875 12.15750980377197265625 38.152652740478515625
6.4523983001708984375 6.64840412139892578125 37.24942779541015625
7.86937236785888671875 12.15750980377197265625 38.152652740478515625
10.28236103057861328125 -0.4686287343502044677734375 34.8178863525390625
10.28236103057861328125 -0.4686287343502044677734375 34.8178863525390625
7.76633453369140625 3.5309460163116455078125 37.3726806640625
16.1364593505859375 -3.8800334930419921875 34.300556182861328125
14.2766780853271484375 8.29222869873046875 36.686187744140625
10.84441280364990234375 12.22098445892333984375 37.57796478271484375
10.84441280364990234375 12.22098445892333984375 37.57796478271484375
5.718158245086669921875 -6.962874889373779296875 32.315052032470703125
3.6323430538177490234375 -15.673816680908203125 36.26036834716796875
10.56322479248046875 -11.91585254669189453125 31.065433502197265625
7.254241466522216796875 -14.94468021392822265625 34.41925048828125
13.0141143798828125 -8.82611942291259765625 35.257511138916015625
3.0528614521026611328125 -12.39770793914794921875 39.70319366455078125
11.55081939697265625 -8.6477069854736328125 30.771289825439453125
11.88877582550048828125 -21.5800991058349609375 42.736736297607421875
10.41306209564208984375 -14.0481700897216796875 33.5639190673828125
11.749767303466796875 -14.05452823638916015625 32.876556396484375
12.7948474884033203125 -18.497081756591796875 33.639705657958984375
8.25134563446044921875 -6.202472209930419921875 31.9576873779296875
5.341085910797119140625 -22.519527435302734375 44.9144287109375
7.518016815185546875 -10.0509700775146484375 40.958744049072265625
15.3781185150146484375 -8.11750888824462890625 39.1715087890625
5.351894855499267578125 10.11885356903076171875 37.51158905029296875
7.508816242218017578125 -0.15888090431690216064453125 33.911106109619140625
11.88877582550048828125 -21.5800991058349609375 42.736736297607421875
13.037830352783203125 2.195899486541748046875 34.339717864990234375
8.904392242431640625 6.573766231536865234375 35.923351287841796875
8.46320819854736328125 -7.689445972442626953125 31.9001560211181640625
1.3277339935302734375 -16.326446533203125 37.614826202392578125
7.555880069732666015625 -0.124774076044559478759765625 34.0124969482421875
12.983898162841796875 -1.03151214122772216796875 31.9713535308837890625
13.08746337890625 4.481564044952392578125 35.153987884521484375
11.26406383514404296875 -6.96196746826171875 31.1510829925537109375
12.18361186981201171875 12.37200450897216796875 37.389225006103515625
5.249179840087890625 -15.57396697998046875 35.97032928466796875
6.475299358367919921875 -8.9014263153076171875 40.589752197265625
12.87994098663330078125 -7.72714996337890625 40.6007537841796875
10.45130825042724609375 12.36388111114501953125 37.497406005859375
7.05706882476806640625 -7.975518703460693359375 40.805500030517578125
14.741085052490234375 7.227851390838623046875 36.238094329833984375
7.555880069732666015625 -0.124774076044559478759765625 34.0124969482421875
5.574722766876220703125 -1.94655120372772216796875 34.976806640625
8.25134563446044921875 -6.202472209930419921875 31.9576873779296875
15.24080562591552734375 -17.6206989288330078125 34.143741607666015625
8.46320819854736328125 -7.689445972442626953125 31.9001560211181640625
2.3611948490142822265625 -16.6661014556884765625 37.3687744140625
3.0528614521026611328125 -12.39770793914794921875 39.70319366455078125
10.41306209564208984375 -14.0481700897216796875 33.5639190673828125
8.65338039398193359375 -3.3972966670989990234375 40.335826873779296875
8.16313648223876953125 3.7390854358673095703125 35.559238433837890625
9.43310546875 -3.2952785491943359375 40.06978607177734375
11.88877582550048828125 -21.5800991058349609375 42.736736297607421875
10.56322479248046875 -11.91585254669189453125 31.065433502197265625
7.791785717010498046875 -10.140331268310546875 40.535671234130859375
6.00329685211181640625 11.1304874420166015625 39.12067413330078125
5.983716487884521484375 -8.4307804107666015625 40.64110565185546875
10.45130825042724609375 12.36388111114501953125 37.497406005859375
14.741085052490234375 7.227851390838623046875 36.238094329833984375
6.1782627105712890625 -9.4572582244873046875 39.063922882080078125
7.58726215362548828125 11.3265228271484375 37.815158843994140625
5.380784511566162109375 11.703960418701171875 39.842342376708984375
4.0454578399658203125 4.927492618560791015625 38.446376800537109375
6.8667144775390625 2.5045216083526611328125 35.36844635009765625
15.74243450164794921875 -3.7600574493408203125 41.882335662841796875
16.5104084014892578125 -3.87900638580322265625 39.626285552978515625
15.4404144287109375 -8.36324214935302734375 38.493198394775390625
12.29310703277587890625 3.722866058349609375 34.550876617431640625
15.46859264373779296875 -9.60385990142822265625 39.07456207275390625
17.6076259613037109375 -3.536138057708740234375 34.04004669189453125
12.18466472625732421875 8.0009365081787109375 36.059970855712890625
17.8192291259765625 -2.857794284820556640625 34.712390899658203125
13.99300670623779296875 6.98712158203125 36.001483917236328125
13.99300670623779296875 6.98712158203125 36.001483917236328125
11.9550418853759765625 5.135868072509765625 35.494907379150390625
14.15609073638916015625 7.33643627166748046875 36.242496490478515625
21.791107177734375 8.461742401123046875 58.933437347412109375
4.586872577667236328125 -16.3384723663330078125 37.380672454833984375
10.56322479248046875 -11.91585254669189453125 31.065433502197265625
8.25134563446044921875 -6.202472209930419921875 31.9576873779296875
8.84403133392333984375 -0.2908732593059539794921875 33.50734710693359375
13.0141143798828125 -8.82611942291259765625 35.257511138916015625
6.120678424835205078125 -0.935314953327178955078125 34.381992340087890625
10.0212459564208984375 -7.577136516571044921875 30.9590435028076171875
7.518016815185546875 -10.0509700775146484375 40.958744049072265625
14.8795070648193359375 -10.760364532470703125 30.30330657958984375
10.922428131103515625 -7.101508617401123046875 35.92504119873046875
4.088346004486083984375 5.992205142974853515625 38.795803070068359375
12.7948474884033203125 -18.497081756591796875 33.639705657958984375
11.96644878387451171875 0.4912248551845550537109375 32.647502899169921875
6.09081363677978515625 2.1794869899749755859375 35.358562469482421875
9.97840785980224609375 0.097741305828094482421875 33.364437103271484375
9.58933353424072265625 7.26249027252197265625 36.13191986083984375
11.749767303466796875 -14.05452823638916015625 32.876556396484375
10.68130016326904296875 -14.50041961669921875 33.38219451904296875
6.982814788818359375 4.985965251922607421875 36.1959228515625
16.1364593505859375 -3.8800334930419921875 34.300556182861328125
6.09081363677978515625 2.1794869899749755859375 35.358562469482421875
5.905050754547119140625 -8.29619598388671875 39.36798858642578125
11.55081939697265625 -8.6477069854736328125 30.771289825439453125
7.254241466522216796875 -14.94468021392822265625 34.41925048828125
6.120678424835205078125 -0.935314953327178955078125 34.381992340087890625
10.48413944244384765625 -2.51404571533203125 28.423427581787109375
14.56567287445068359375 -3.6379430294036865234375 42.254940032958984375
9.3099346160888671875 -14.1313571929931640625 34.06017303466796875
2.369562625885009765625 -13.02656650543212890625 38.6125640869140625
6.406971454620361328125 6.75610256195068359375 39.98895263671875
12.87994098663330078125 -7.72714996337890625 40.6007537841796875
5.2248363494873046875 11.38659381866455078125 39.786468505859375
19.5222148895263671875 -7.2856159210205078125 34.798076629638671875
5.718158245086669921875 -6.962874889373779296875 32.315052032470703125
6.09285068511962890625 -9.501346588134765625 39.7945709228515625
4.3073596954345703125 -20.8434600830078125 42.18872833251953125
6.65580272674560546875 -9.10094451904296875 39.5142974853515625
5.983716487884521484375 -8.4307804107666015625 40.64110565185546875
10.41306209564208984375 -14.0481700897216796875 33.5639190673828125
7.254241466522216796875 -14.94468021392822265625 34.41925048828125
6.120678424835205078125 -0.935314953327178955078125 34.381992340087890625
4.942943096160888671875 -1.22250568866729736328125 34.9863739013671875
2.9963366985321044921875 -5.437269687652587890625 34.601184844970703125
6.466742992401123046875 -9.255611419677734375 40.3575439453125
9.47810459136962890625 6.91304492950439453125 35.963878631591796875
7.518016815185546875 -10.0509700775146484375 40.958744049072265625
7.791785717010498046875 -10.140331268310546875 40.535671234130859375
5.718158245086669921875 -6.962874889373779296875 32.315052032470703125
16.5104084014892578125 -3.87900638580322265625 39.626285552978515625
5.983716487884521484375 -8.4307804107666015625 40.64110565185546875
7.777785778045654296875 3.2382433414459228515625 35.11167144775390625
10.45130825042724609375 12.36388111114501953125 37.497406005859375
2.9963366985321044921875 -5.437269687652587890625 34.601184844970703125
6.868987560272216796875 -9.73678684234619140625 40.67302703857421875
17.40126800537109375 -4.372646331787109375 34.870647430419921875
7.518016815185546875 -10.0509700775146484375 40.958744049072265625
13.652099609375 6.53662204742431640625 35.52080535888671875
13.81075191497802734375 4.822092533111572265625 35.2113494873046875
7.379283428192138671875 12.207202911376953125 38.7040252685546875
8.63697528839111328125 4.981615543365478515625 35.536716461181640625
10.64298725128173828125 10.9818210601806640625 37.2865753173828125
11.88877582550048828125 -21.5800991058349609375 42.736736297607421875
14.741085052490234375 7.227851390838623046875 36.238094329833984375
17.2375240325927734375 -15.96212673187255859375 31.330959320068359375
12.79817867279052734375 4.501466274261474609375 35.0384368896484375
7.0110225677490234375 -3.6831371784210205078125 41.35202789306640625
15.4404144287109375 -8.36324214935302734375 38.493198394775390625
12.29310703277587890625 3.722866058349609375 34.550876617431640625
11.90439701080322265625 9.77430820465087890625 36.69738006591796875
14.56567287445068359375 -3.6379430294036865234375 42.254940032958984375
11.551731109619140625 9.93572139739990234375 33.769184112548828125
15.55004596710205078125 -8.19164180755615234375 38.2728118896484375
11.125118255615234375 4.686723232269287109375 35.08654022216796875
11.90439701080322265625 9.77430820465087890625 36.69738006591796875
7.8736629486083984375 11.47209930419921875 37.985095977783203125
11.9550418853759765625 5.135868072509765625 35.494907379150390625
19.6291637420654296875 16.311748504638671875 46.399135589599609375
4.586872577667236328125 -16.3384723663330078125 37.380672454833984375
9.26275730133056640625 -6.8707180023193359375 31.253509521484375
7.09679412841796875 -6.0610637664794921875 30.997894287109375
12.81881809234619140625 -14.45686054229736328125 33.289340972900390625
8.3444538116455078125 3.533013820648193359375 34.85836029052734375
15.72349834442138671875 -15.67701435089111328125 35.12084197998046875
13.652099609375 6.53662204742431640625 35.52080535888671875
10.16688060760498046875 -17.4651050567626953125 37.730709075927734375
5.1038818359375 4.373923778533935546875 37.1871337890625
12.983898162841796875 -1.03151214122772216796875 31.9713535308837890625
11.8153171539306640625 -0.21044345200061798095703125 33.205413818359375
11.26406383514404296875 -6.96196746826171875 31.1510829925537109375
14.741085052490234375 7.227851390838623046875 36.238094329833984375
13.0593662261962890625 7.9045543670654296875 36.1627197265625
10.16688060760498046875 -17.4651050567626953125 37.730709075927734375
6.09285068511962890625 -9.501346588134765625 39.7945709228515625
17.8192291259765625 -2.857794284820556640625 34.712390899658203125
14.5816783905029296875 -9.73172473907470703125 38.325206756591796875
10.41306209564208984375 -14.0481700897216796875 33.5639190673828125
7.42356586456298828125 0.2689538300037384033203125 37.010372161865234375
17.40126800537109375 -4.372646331787109375 34.870647430419921875
9.47810459136962890625 6.91304492950439453125 35.963878631591796875
10.45130825042724609375 12.36388111114501953125 37.497406005859375
10.45130825042724609375 12.36388111114501953125 37.497406005859375
16.5104084014892578125 -3.87900638580322265625 39.626285552978515625
15.9847202301025390625 -3.77505779266357421875 38.975322723388671875
12.50406551361083984375 7.889915943145751953125 35.6489105224609375
7.76633453369140625 3.5309460163116455078125 37.3726806640625
14.69819164276123046875 7.720901012420654296875 36.49573516845703125
12.18466472625732421875 8.0009365081787109375 36.059970855712890625
9.79515552520751953125 4.67941951751708984375 35.092525482177734375
19.8244342803955078125 -5.17452239990234375 40.820812225341796875
8.175079345703125 -12.97713565826416015625 34.438167572021484375
4.52825832366943359375 -3.9588477611541748046875 39.05004119873046875
23.116176605224609375 10.4308319091796875 80.1027374267578125
4.088346004486083984375 5.992205142974853515625 38.795803070068359375
15.7293987274169921875 -15.66796207427978515625 35.072681427001953125
11.96644878387451171875 0.4912248551845550537109375 32.647502899169921875
16.5923480987548828125 -18.575305938720703125 32.761932373046875
9.43310546875 -3.2952785491943359375 40.06978607177734375
12.983898162841796875 -1.03151214122772216796875 31.9713535308837890625
6.186695098876953125 2.369521617889404296875 35.802845001220703125
9.47810459136962890625 6.91304492950439453125 35.963878631591796875
13.037830352783203125 2.195899486541748046875 34.339717864990234375
13.64020252227783203125 -15.280029296875 34.20684051513671875
8.25134563446044921875 -6.202472209930419921875 31.9576873779296875
17.127979278564453125 -17.2498226165771484375 34.427021026611328125
5.67877292633056640625 3.30769252777099609375 36.357059478759765625
5.079952239990234375 -16.83885955810546875 37.436107635498046875
10.8920745849609375 -14.07738399505615234375 33.452243804931640625
16.4173336029052734375 -17.318264007568359375 34.96775054931640625
5.022549152374267578125 11.55706310272216796875 39.9863128662109375
6.16053676605224609375 7.2712421417236328125 37.173248291015625
10.63325023651123046875 -15.79174327850341796875 35.518802642822265625
1.5783665180206298828125 0.2506109774112701416015625 41.263614654541015625
16.6186504364013671875 -15.7086029052734375 32.293613433837890625
15.7293987274169921875 -15.66796207427978515625 35.072681427001953125
8.4842891693115234375 4.653034687042236328125 35.6886444091796875
11.749767303466796875 -14.05452823638916015625 32.876556396484375
14.226909637451171875 -8.7058811187744140625 30.7317180633544921875
4.586872577667236328125 -16.3384723663330078125 37.380672454833984375
4.586872577667236328125 -16.3384723663330078125 37.380672454833984375
12.57033061981201171875 10.00487995147705078125 37.44852447509765625
23.6651153564453125 -26.9835109710693359375 50.197063446044921875
15.7293987274169921875 -15.66796207427978515625 35.072681427001953125
7.254241466522216796875 -14.94468021392822265625 34.41925048828125
0.369397461414337158203125 1.282705783843994140625 10.10116100311279296875
7.254241466522216796875 -14.94468021392822265625 34.41925048828125
5.912189483642578125 -14.79251575469970703125 35.4767913818359375
13.2907314300537109375 6.5558986663818359375 35.728572845458984375
9.3099346160888671875 -14.1313571929931640625 34.06017303466796875
10.45130825042724609375 12.36388111114501953125 37.497406005859375
9.4877166748046875 8.02340793609619140625 36.48285675048828125
7.242954254150390625 -6.430942058563232421875 33.6022491455078125
4.088346004486083984375 5.992205142974853515625 38.795803070068359375
8.9106540679931640625 -0.599981009960174560546875 33.24976348876953125
11.47963714599609375 -15.269054412841796875 34.821563720703125
10.28236103057861328125 -0.4686287343502044677734375 34.8178863525390625
11.24171733856201171875 -8.36853790283203125 32.308849334716796875
9.6805019378662109375 -14.115001678466796875 33.964572906494140625
7.703915119171142578125 -13.69554996490478515625 36.428134918212890625
8.65338039398193359375 -3.3972966670989990234375 40.335826873779296875
7.555880069732666015625 -0.124774076044559478759765625 34.0124969482421875
9.1586475372314453125 7.372499942779541015625 36.7548065185546875
11.0323333740234375 12.11892604827880859375 37.56805419921875
8.99304103851318359375 -17.821590423583984375 36.41613006591796875
13.0593662261962890625 7.9045543670654296875 36.1627197265625
14.669918060302734375 8.20859622955322265625 36.725688934326171875
6.09081363677978515625 2.1794869899749755859375 35.358562469482421875
22.01685333251953125 -21.00077056884765625 37.726428985595703125
14.9515399932861328125 -3.8529899120330810546875 45.700000762939453125
10.47212505340576171875 1.1277287006378173828125 36.7907867431640625
18.000415802001953125 -12.6247272491455078125 32.32750701904296875
7.518016815185546875 -10.0509700775146484375 40.958744049072265625
7.555880069732666015625 -0.124774076044559478759765625 34.0124969482421875
8.106792449951171875 -1.0231320858001708984375 33.30706024169921875
9.58933353424072265625 7.26249027252197265625 36.13191986083984375
15.9847202301025390625 -3.77505779266357421875 38.975322723388671875
10.45130825042724609375 12.36388111114501953125 37.497406005859375
6.78357601165771484375 11.2414989471435546875 38.458343505859375
7.555880069732666015625 -0.124774076044559478759765625 34.0124969482421875
14.78015041351318359375 -9.0508975982666015625 36.864757537841796875
10.1190509796142578125 4.688683986663818359375 35.184722900390625
15.9847202301025390625 -3.77505779266357421875 38.975322723388671875
12.50406551361083984375 7.889915943145751953125 35.6489105224609375
7.76633453369140625 3.5309460163116455078125 37.3726806640625
12.50406551361083984375 7.889915943145751953125 35.6489105224609375
14.56567287445068359375 -3.6379430294036865234375 42.254940032958984375
5.9948940277099609375 9.6293392181396484375 38.4783935546875
12.18466472625732421875 8.0009365081787109375 36.059970855712890625
9.47810459136962890625 6.91304492950439453125 35.963878631591796875
16.5923480987548828125 -18.575305938720703125 32.761932373046875
6.536095142364501953125 -8.6015911102294921875 40.4769134521484375
5.02010059356689453125 6.258678913116455078125 37.65607452392578125
18.3910732269287109375 13.8021717071533203125 49.308197021484375
11.721099853515625 2.0719854831695556640625 34.052349090576171875
5.380784511566162109375 11.703960418701171875 39.842342376708984375
1.5783665180206298828125 0.2506109774112701416015625 41.263614654541015625
12.3147125244140625 4.586956024169921875 35.006793975830078125
7.125783443450927734375 -21.085529327392578125 41.076198577880859375
13.69208431243896484375 -9.556491851806640625 37.532772064208984375
2.369562625885009765625 -13.02656650543212890625 38.6125640869140625
10.159366607666015625 -13.55465793609619140625 26.480987548828125
11.55081939697265625 -8.6477069854736328125 30.771289825439453125
11.51786899566650390625 2.0914554595947265625 35.079486846923828125
8.74261474609375 -14.53561496734619140625 33.695953369140625
14.45007419586181640625 6.514057636260986328125 37.184772491455078125
14.949680328369140625 -15.72661495208740234375 33.1466217041015625
11.901371002197265625 -5.903301715850830078125 30.6700878143310546875
10.75724029541015625 -8.957164764404296875 31.46509552001953125
10.65142822265625 -17.2457122802734375 37.490203857421875
7.525808811187744140625 -14.766155242919921875 34.378063201904296875
7.254241466522216796875 -14.94468021392822265625 34.41925048828125
11.47963714599609375 -15.269054412841796875 34.821563720703125
19.38408660888671875 -15.71836185455322265625 31.798664093017578125
19.2202358245849609375 -18.445590972900390625 33.271663665771484375
7.245792865753173828125 -4.47142505645751953125 22.6578826904296875
11.51617145538330078125 -1.24549663066864013671875 32.683490753173828125
9.3937168121337890625 3.90393352508544921875 34.976718902587890625
17.0501194000244140625 -10.68233203887939453125 33.063503265380859375
8.7115936279296875 2.1162521839141845703125 34.454219818115234375
16.4173336029052734375 -17.318264007568359375 34.96775054931640625
4.292568683624267578125 -16.797435760498046875 37.5891571044921875
7.508816242218017578125 -0.15888090431690216064453125 33.911106109619140625
12.6090946197509765625 12.5950565338134765625 38.69573974609375
11.88877582550048828125 -21.5800991058349609375 42.736736297607421875
7.242954254150390625 -6.430942058563232421875 33.6022491455078125
11.51786899566650390625 2.0914554595947265625 35.079486846923828125
12.50698947906494140625 -9.04108715057373046875 43.359287261962890625
11.0155773162841796875 -1.188258647918701171875 32.66049957275390625
5.022549152374267578125 11.55706310272216796875 39.9863128662109375
8.134143829345703125 -18.7367038726806640625 35.83693695068359375
5.847772121429443359375 -14.5996799468994140625 38.187114715576171875
7.32889270782470703125 -14.7492733001708984375 39.0561370849609375
11.745319366455078125 -18.191730499267578125 38.23168182373046875
10.948211669921875 0.051595889031887054443359375 33.21570587158203125
3.9826221466064453125 -13.18304920196533203125 32.418239593505859375
5.137538909912109375 -1.5734727382659912109375 34.901103973388671875
5.847772121429443359375 -14.5996799468994140625 38.187114715576171875
10.8920745849609375 -14.07738399505615234375 33.452243804931640625
16.3707332611083984375 -20.3164463043212890625 39.119670867919921875
14.6712055206298828125 -20.565303802490234375 37.23834991455078125
6.365269184112548828125 4.5173282623291015625 36.329990386962890625
14.54306793212890625 -15.6895122528076171875 35.582683563232421875
6.4523983001708984375 6.64840412139892578125 37.24942779541015625
7.555880069732666015625 -0.124774076044559478759765625 34.0124969482421875
2.369562625885009765625 -13.02656650543212890625 38.6125640869140625
8.65338039398193359375 -3.3972966670989990234375 40.335826873779296875
14.33254146575927734375 -7.92781925201416015625 39.06305694580078125
2.9871966838836669921875 -11.12833881378173828125 35.546718597412109375
6.409228801727294921875 -3.8115766048431396484375 41.6495361328125
14.45007419586181640625 6.514057636260986328125 37.184772491455078125
22.01685333251953125 -21.00077056884765625 37.726428985595703125
7.058430194854736328125 -15.2899913787841796875 36.97035980224609375
10.48413944244384765625 -2.51404571533203125 28.423427581787109375
12.7948474884033203125 -18.497081756591796875 33.639705657958984375
11.749767303466796875 -14.05452823638916015625 32.876556396484375
13.35738277435302734375 4.417179107666015625 35.091823577880859375
13.71604156494140625 -9.58044338226318359375 31.042140960693359375
6.264632701873779296875 -1.22971630096435546875 33.98740386962890625
10.35402584075927734375 12.2872467041015625 37.976581573486328125
12.50698947906494140625 -9.04108715057373046875 43.359287261962890625
9.8264560699462890625 -0.61863481998443603515625 33.213165283203125
11.29545497894287109375 -9.8174762725830078125 39.149372100830078125
9.6004314422607421875 -6.47817325592041015625 31.4586353302001953125
10.4303417205810546875 3.8933036327362060546875 34.830181121826171875
4.942943096160888671875 -1.22250568866729736328125 34.9863739013671875
12.50406551361083984375 7.889915943145751953125 35.6489105224609375
13.037830352783203125 2.195899486541748046875 34.339717864990234375
14.741085052490234375 7.227851390838623046875 36.238094329833984375
17.8192291259765625 -2.857794284820556640625 34.712390899658203125
14.949680328369140625 -15.72661495208740234375 33.1466217041015625
15.46859264373779296875 -9.60385990142822265625 39.07456207275390625
11.54070186614990234375 4.631110668182373046875 35.037994384765625
13.71604156494140625 -9.58044338226318359375 31.042140960693359375
17.034366607666015625 11.4808826446533203125 41.16594696044921875
6.195636272430419921875 -9.95596408843994140625 41.00389862060546875
12.5639495849609375 -15.89067363739013671875 37.531871795654296875
7.508816242218017578125 -0.15888090431690216064453125 33.911106109619140625
0.369397461414337158203125 1.282705783843994140625 10.10116100311279296875
16.299053192138671875 -18.0126953125 34.136867523193359375
6.215737819671630859375 3.2086162567138671875 35.499637603759765625
13.0141143798828125 -8.82611942291259765625 35.257511138916015625
16.5923480987548828125 -18.575305938720703125 32.761932373046875
16.1364593505859375 -3.8800334930419921875 34.300556182861328125
16.1364593505859375 -3.8800334930419921875 34.300556182861328125
17.2375240325927734375 -15.96212673187255859375 31.330959320068359375
10.66429805755615234375 4.834816455841064453125 34.932292938232421875
7.728603363037109375 11.51078033447265625 38.5542755126953125
14.45007419586181640625 6.514057636260986328125 37.184772491455078125
4.52825832366943359375 -3.9588477611541748046875 39.05004119873046875
3.0204560756683349609375 -16.2179584503173828125 36.76181793212890625
10.8920745849609375 -14.07738399505615234375 33.452243804931640625
5.847772121429443359375 -14.5996799468994140625 38.187114715576171875
3.0528614521026611328125 -12.39770793914794921875 39.70319366455078125
15.57124805450439453125 -16.3985385894775390625 28.9126148223876953125
8.33721446990966796875 -9.00761127471923828125 31.9471340179443359375
5.847772121429443359375 -14.5996799468994140625 38.187114715576171875
7.32889270782470703125 -14.7492733001708984375 39.0561370849609375
10.65142822265625 -17.2457122802734375 37.490203857421875
4.256549835205078125 -16.95551300048828125 37.565799713134765625
19.7270603179931640625 -8.31058788299560546875 34.479686737060546875
5.702623844146728515625 -18.20783233642578125 39.260089874267578125
6.120678424835205078125 -0.935314953327178955078125 34.381992340087890625
6.5867462158203125 4.291535854339599609375 36.193675994873046875
7.254241466522216796875 -14.94468021392822265625 34.41925048828125
6.377902507781982421875 -17.8379497528076171875 37.14430999755859375
7.777785778045654296875 3.2382433414459228515625 35.11167144775390625
12.9316272735595703125 2.11963653564453125 34.856876373291015625
6.264632701873779296875 -1.22971630096435546875 33.98740386962890625
6.1782627105712890625 -9.4572582244873046875 39.063922882080078125
9.47810459136962890625 6.91304492950439453125 35.963878631591796875
11.66095256805419921875 12.282909393310546875 37.727252960205078125
7.555880069732666015625 -0.124774076044559478759765625 34.0124969482421875
6.09081363677978515625 2.1794869899749755859375 35.358562469482421875
6.09081363677978515625 2.1794869899749755859375 35.358562469482421875
6.09081363677978515625 2.1794869899749755859375 35.358562469482421875
7.0110225677490234375 -3.6831371784210205078125 41.35202789306640625
7.0110225677490234375 -3.6831371784210205078125 41.35202789306640625
10.16688060760498046875 -17.4651050567626953125 37.730709075927734375
7.6716518402099609375 -0.4616977274417877197265625 33.829975128173828125
16.3707332611083984375 -20.3164463043212890625 39.119670867919921875
10.75724029541015625 -8.957164764404296875 31.46509552001953125
4.586872577667236328125 -16.3384723663330078125 37.380672454833984375
2.619372844696044921875 -16.8498287200927734375 36.757564544677734375
8.7115936279296875 2.1162521839141845703125 34.454219818115234375
3.494415760040283203125 -17.699565887451171875 36.16107940673828125
7.35862064361572265625 -6.209857463836669921875 31.9836978912353515625
11.745319366455078125 -18.191730499267578125 38.23168182373046875
14.8795070648193359375 -10.760364532470703125 30.30330657958984375
6.3794422149658203125 2.62138652801513671875 35.5872344970703125
14.949680328369140625 -15.72661495208740234375 33.1466217041015625
9.20257282257080078125 4.6994075775146484375 35.321704864501953125
21.568572998046875 15.16544628143310546875 55.19448089599609375
13.71604156494140625 -9.58044338226318359375 31.042140960693359375
10.41306209564208984375 -14.0481700897216796875 33.5639190673828125
5.618078708648681640625 -17.30422210693359375 36.758899688720703125
10.159366607666015625 -13.55465793609619140625 26.480987548828125
17.13597869873046875 -16.133365631103515625 32.394359588623046875
13.15227508544921875 2.0154743194580078125 35.72528839111328125
19.8927001953125 -16.671894073486328125 31.6621761322021484375
16.6755733489990234375 -17.57525634765625 33.625804901123046875
