100 10 30
0.6700472916718279714487493947672192007303237915039062500000000000 0.4110944437566380060822268660558620467782020568847656250000000000 0.6180922141846380002405680897936690598726272583007812500000000000  0 0 0 0.3506977553000000247251932705694343894720077514648437500000000000 0.5440946318999999586907279081060551106929779052734375000000000000 1.4941065270000000175798504642443731427192687988281250000000000000  1.000000000000000000000000000000
0.5918494928586840453377249104960355907678604125976562500000000000 0.8025263795985410064659504314477089792490005493164062500000000000 0.0752700993182310040818805418894044123589992523193359375000000000  0 0 0 0.3677825015000000252740619544056244194507598876953125000000000000 0.4782467539999999961430887651658849790692329406738281250000000000 1.1462239759999999222372935037128627300262451171875000000000000000  1.000000000000000000000000000000
0.5230972160129709891407401300966739654541015625000000000000000000 0.6549896718986150112584709859220311045646667480468750000000000000 0.5453052652465629757116971632058266550302505493164062500000000000  0 0 0 0.4119341080000000210326049909781431779265403747558593750000000000 0.4429602832999999795227097365568624809384346008300781250000000000 1.0924107290000000247687239607330411672592163085937500000000000000  1.000000000000000000000000000000
0.7402670000940060335281600600865203887224197387695312500000000000 0.6659690975251399969181420601671561598777770996093750000000000000 0.0921408145903409997456989799502480309456586837768554687500000000  0 0 0 0.3554564197999999786148350722214672714471817016601562500000000000 0.3782478384999999887483568272728007286787033081054687500000000000 1.6479093810000000619453430772409774363040924072265625000000000000  1.000000000000000000000000000000
0.5205641275154739844310824992135167121887207031250000000000000000 0.7160904158587150236670026970386970788240432739257812500000000000 0.4650026940345040049606950560701079666614532470703125000000000000  0 0 0 0.6855465262000000059572357713477686047554016113281250000000000000 0.3523111828000000111948963876784546300768852233886718750000000000 1.5922206729999999197389115579426288604736328125000000000000000000  1.000000000000000000000000000000
0.7272460416881519895682117748947348445653915405273437500000000000 0.2951094867418599942965329319122247397899627685546875000000000000 0.6196963657178180540086032124236226081848144531250000000000000000  0 0 0 0.2180413334000000091794646550624747760593891143798828125000000000 0.4211907190999999994751590293162735179066658020019531250000000000 1.3530775749999999213457613222999498248100280761718750000000000000  1.000000000000000000000000000000
0.8273660187068779814367758262960705906152725219726562500000000000 0.5577598698253329878582462697522714734077453613281250000000000000 0.0661014273791230011489972184790531173348426818847656250000000000  0 0 0 0.3041638508000000240549809404910774901509284973144531250000000000 0.4813732332999999807832125497952802106738090515136718750000000000 1.6945586290000000939670599109376780688762664794921875000000000000  1.000000000000000000000000000000
0.0553591780432719990368006790504296077415347099304199218750000000 0.3468108112452030211692033390136202797293663024902343750000000000 0.9362999640125050371253223602252546697854995727539062500000000000  0 0 0 0.2232601171999999967177075177460210397839546203613281250000000000 0.6184414388000000206702111427148338407278060913085937500000000000 1.4134832829999999237458041534409858286380767822265625000000000000  1.000000000000000000000000000000
0.2633653372146079751914271582791116088628768920898437500000000000 0.0741247115972420017593336183381325099617242813110351562500000000 0.9618441798360389816124893513915594667196273803710937500000000000  0 0 0 0.4270510319999999970796977777354186400771141052246093750000000000 0.9536486588999999458593492818181402981281280517578125000000000000 1.4847244049999999138123030206770636141300201416015625000000000000  1.000000000000000000000000000000
0.7193204518202650499247852167172823101282119750976562500000000000 0.3656748750706410033828319683379959315061569213867187500000000000 0.5906436940619620434844705414434429258108139038085937500000000000  0 0 0 0.5823635248999999847185904400248546153306961059570312500000000000 0.6569693745000000362210812454577535390853881835937500000000000000 1.7327678440000000570364591112593188881874084472656250000000000000  1.000000000000000000000000000000
0.5146795027619229800919242734380532056093215942382812500000000000 0.6115956497286559878645562093879561871290206909179687500000000000 0.6008791647825070247890266728063579648733139038085937500000000000  0 0 0 0.9306384361999999743630951343220658600330352783203125000000000000 0.6120612165000000048920014705799985677003860473632812500000000000 1.0922610710000000278085963145713321864604949951171875000000000000  1.000000000000000000000000000000
0.5220375225652880146753886947408318519592285156250000000000000000 0.1389906433005740071795486301198252476751804351806640625000000000 0.8415214947396110201083274660049937665462493896484375000000000000  0 0 0 0.7471609264999999888701154304726514965295791625976562500000000000 0.0103951757799999999071216549850760202389210462570190429687500000 1.1362195010000000205963033295120112597942352294921875000000000000  1.000000000000000000000000000000
0.3419483181611360222973416966851800680160522460937500000000000000 0.5399121997851540344370846469246316701173782348632812500000000000 0.7691333852004650362133020280452910810708999633789062500000000000  0 0 0 0.8916330752000000137158508550783153623342514038085937500000000000 0.4862195896000000017167508303828071802854537963867187500000000000 1.2206831860000000311572421196615323424339294433593750000000000000  1.000000000000000000000000000000
0.1894050745407959979171863551528076641261577606201171875000000000 0.5587638933677080421702498824743088334798812866210937500000000000 0.8074085887620700008326934948854614049196243286132812500000000000  0 0 0 0.1510210120999999905411215195272234268486499786376953125000000000 0.7963613862999999737368739261000882834196090698242187500000000000 1.4927464980000000327464704241720028221607208251953125000000000000  1.000000000000000000000000000000
0.1215783794319279936813060771783057134598493576049804687500000000 0.7269671768591570160111814402625896036624908447265625000000000000 0.6758235135182359965000387092004530131816864013671875000000000000  0 0 0 0.8727390883000000210145685741736087948083877563476562500000000000 0.3693100554000000035337336612428771331906318664550781250000000000 1.1498498720000001060981276168604381382465362548828125000000000000  1.000000000000000000000000000000
0.2262948195139380114238036867391201667487621307373046875000000000 0.7218748752875699947750831597659271210432052612304687500000000000 0.6539780723309519538943845873291138559579849243164062500000000000  0 0 0 0.7437839466000000232526190302451141178607940673828125000000000000 0.8798854960999999974546881276182830333709716796875000000000000000 1.2416611150000000929338739297236315906047821044921875000000000000  1.000000000000000000000000000000
0.1780698762174650062739544864598428830504417419433593750000000000 0.9565004851665950269534732797183096408843994140625000000000000000 0.2310799451704239892979586556975846178829669952392578125000000000  0 0 0 0.0700156697999999994008746284634980838745832443237304687500000000 0.3264074017999999965944368796044727787375450134277343750000000000 1.4380872449999999584946408504038117825984954833984375000000000000  1.000000000000000000000000000000
0.8610194021011140508292669437651056796312332153320312500000000000 0.3949130799324089835522499924991279840469360351562500000000000000 0.3204516320815660179732731194235384464263916015625000000000000000  0 0 0 0.6289715660000000374552087123447563499212265014648437500000000000 0.9874739408999999579208406430552713572978973388671875000000000000 1.4584398069999999769663645565742626786231994628906250000000000000  1.000000000000000000000000000000
0.3227090557242789925496140313043724745512008666992187500000000000 0.7291702528471950550681413005804643034934997558593750000000000000 0.6034646698161389988257496952428482472896575927734375000000000000  0 0 0 0.7369699334000000545685793440497945994138717651367187500000000000 0.9241637424999999961272578730131499469280242919921875000000000000 1.5474452359999999462303321706713177263736724853515625000000000000  1.000000000000000000000000000000
0.4439210334905879795641681084816809743642807006835937500000000000 0.6075965979801529748272059805458411574363708496093750000000000000 0.6586049575789669763281608538818545639514923095703125000000000000  0 0 0 0.7428222005000000294216988550033420324325561523437500000000000000 0.9938111450000000068882854975527152419090270996093750000000000000 1.9142359620000000131057049657101742923259735107421875000000000000  1.000000000000000000000000000000
0.6635267677381769813038658867299091070890426635742187500000000000 0.1546724988642809994754401259342557750642299652099609375000000000 0.7319895126229649662263909704051911830902099609375000000000000000  0 0 0 0.4103321219000000130705529954866506159305572509765625000000000000 0.9676856570999999851423467589484062045812606811523437500000000000 1.9186977800000000193847426999127492308616638183593750000000000000  1.000000000000000000000000000000
0.5334157230959269968550984231114853173494338989257812500000000000 0.5869346296790050043767905663116835057735443115234375000000000000 0.6090775047870500280566830042516812682151794433593750000000000000  0 0 0 0.9269274250000000270333089247287716716527938842773437500000000000 0.5780724524999999447416598741256166249513626098632812500000000000 1.7221022210000000995933078229427337646484375000000000000000000000  1.000000000000000000000000000000
0.1388661697084339896601790087515837512910366058349609375000000000 0.7051660586347030523768353305058553814888000488281250000000000000 0.6953107338881709953426479842164553701877593994140625000000000000  0 0 0 0.6811921200999999648217908543301746249198913574218750000000000000 0.2217604313000000049171944738191086798906326293945312500000000000 1.9348698669999999655289002475910820066928863525390625000000000000  1.000000000000000000000000000000
0.7184742989266329482589412691595498472452163696289062500000000000 0.6670894584619959655213961013942025601863861083984375000000000000 0.1969424692410559896149635505935293622314929962158203125000000000  0 0 0 0.0367731079500000015980454293185175629332661628723144531250000000 0.1192785501000000053517524634116853121668100357055664062500000000 1.5044499810000000472598458145512267947196960449218750000000000000  1.000000000000000000000000000000
0.6898149758324689795330186825594864785671234130859375000000000000 0.5960728126938279469726467141299508512020111083984375000000000000 0.4109166595363579754796035103936446830630302429199218750000000000  0 0 0 0.8745455252999999595786562167631927877664566040039062500000000000 0.7319807601000000163438130584836471825838088989257812500000000000 1.6149320590000000308350536215584725141525268554687500000000000000  1.000000000000000000000000000000
0.9137609508755889509146186355792451649904251098632812500000000000 0.1291929593596169989488942064781440421938896179199218750000000000 0.3851624383384810168529099883016897365450859069824218750000000000  0 0 0 0.5682557248999999810479266670881770551204681396484375000000000000 0.4376535899999999812415296673862030729651451110839843750000000000 1.8882008859999999117462721187621355056762695312500000000000000000  1.000000000000000000000000000000
0.0481602253789430029273788136379153002053499221801757812500000000 0.5961133533760130109868669023853726685047149658203125000000000000 0.8014545917382059903033564296492841094732284545898437500000000000  0 0 0 0.2863133856999999782289023642078973352909088134765625000000000000 0.8222375376999999652127826266223564743995666503906250000000000000 1.8990530310000000024928112907218746840953826904296875000000000000  1.000000000000000000000000000000
0.9646032029369080440517336683114990592002868652343750000000000000 0.1293417214750270105572127476989408023655414581298828125000000000 0.2298072670081049984069920810725307092070579528808593750000000000  0 0 0 0.2713944414000000193709638551808893680572509765625000000000000000 0.5492252959000000211986503018124494701623916625976562500000000000 1.5196986349999999088566937643918208777904510498046875000000000000  1.000000000000000000000000000000
0.6437033467350350424140970062580890953540802001953125000000000000 0.7086185162320099983901400264585390686988830566406250000000000000 0.2889737009751229823706353272427804768085479736328125000000000000  0 0 0 0.9625063058999999698883698329154867678880691528320312500000000000 0.6175167104000000017904881133290473371744155883789062500000000000 1.3135001200000000487477791466517373919486999511718750000000000000  1.000000000000000000000000000000
0.0371779866892429991520607757138350280001759529113769531250000000 0.9913553102956580431737165781669318675994873046875000000000000000 0.1258270481825519981899930144209065474569797515869140625000000000  0 0 0 0.5122318645000000225664393838087562471628189086914062500000000000 0.4738686838999999761945502996240975335240364074707031250000000000 1.2310076089999999471302771780756302177906036376953125000000000000  1.000000000000000000000000000000
0.9003570374974130263723282041610218584537506103515625000000000000 0.0290481334570640015169118441917817108333110809326171875000000000 0.4341813111725820184538804369367426261305809020996093750000000000  0 0 0 0.4688412645000000211759072499262401834130287170410156250000000000 0.7198238294000000037087261262058746069669723510742187500000000000 1.7061232029999999770808472021599300205707550048828125000000000000  1.000000000000000000000000000000
0.0070450656740980001704888202596066548721864819526672363281250000 0.9403337154273829767703318793792277574539184570312500000000000000 0.3401806441880260156729320897284196689724922180175781250000000000  0 0 0 0.3912141192999999961266155423800228163599967956542968750000000000 0.9174098680000000172185536939650774002075195312500000000000000000 1.9826198610000000943642817219370044767856597900390625000000000000  1.000000000000000000000000000000
0.6647541111855139739361675310647115111351013183593750000000000000 0.4618208835120969912857447070564376190304756164550781250000000000 0.5872166918728239926039691454207058995962142944335937500000000000  0 0 0 0.5547948437999999926617533674289006739854812622070312500000000000 0.2630889583000000087054104369599372148513793945312500000000000000 1.3185672559999999098323542057187296450138092041015625000000000000  1.000000000000000000000000000000
0.3278844820775569934845350417162990197539329528808593750000000000 0.2902558504771010072786907585395965725183486938476562500000000000 0.8990235301017139857293614113586954772472381591796875000000000000  0 0 0 0.2853782843000000069011434788990300148725509643554687500000000000 0.7774798344000000138720452014240436255931854248046875000000000000 1.4331894540000000848323225000058300793170928955078125000000000000  1.000000000000000000000000000000
0.4763918368554460047725740423629758879542350769042968750000000000 0.4917565413461320034116397437173873186111450195312500000000000000 0.7288527435777300000907530375116039067506790161132812500000000000  0 0 0 0.6181835932999999450032646564068272709846496582031250000000000000 0.3587606716999999778572316699865041300654411315917968750000000000 1.1759468639999999250989048960036598145961761474609375000000000000  1.000000000000000000000000000000
0.3627079452642659740391195555275771766901016235351562500000000000 0.8582407246030809844228315341752022504806518554687500000000000000 0.3631333158427529905765140938456170260906219482421875000000000000  0 0 0 0.1696303667999999875704020269040483981370925903320312500000000000 0.1704370091000000086989274450388620607554912567138671875000000000 1.7193664040000000703400928614428266882896423339843750000000000000  1.000000000000000000000000000000
0.7661384941829250116995808639330789446830749511718750000000000000 0.6285615618842209650907193463353905826807022094726562500000000000 0.1339483880186289888047923568592523224651813507080078125000000000  0 0 0 0.1053970721999999970996952924906508997082710266113281250000000000 0.4274357976000000003402590209589106962084770202636718750000000000 1.7571842499999998921111910021863877773284912109375000000000000000  1.000000000000000000000000000000
0.5257137087186229962298966711387038230895996093750000000000000000 0.5522268290927530021150460015633143484592437744140625000000000000 0.6470476224324409608712471708713565021753311157226562500000000000  0 0 0 0.1118763546000000053126655075175222009420394897460937500000000000 0.0149363009300000001977615227133355801925063133239746093750000000 1.1539679169999998986639866416226141154766082763671875000000000000  1.000000000000000000000000000000
0.5194176422766090261973204178502783179283142089843750000000000000 0.4683430085991819868951324679073877632617950439453125000000000000 0.7147448070382009799317302167764864861965179443359375000000000000  0 0 0 0.3533359025999999736278311956994002684950828552246093750000000000 0.0380874527600000012395042858770466409623622894287109375000000000 1.3766243350000000322808091368642635643482208251953125000000000000  1.000000000000000000000000000000
0.5059098482980499689176667743595317006111145019531250000000000000 0.4955066173363060211265462839946849271655082702636718750000000000 0.7060654485038729832879766945552546530961990356445312500000000000  0 0 0 0.8398496373999999597970145259751006960868835449218750000000000000 0.6097300773999999590202492072421591728925704956054687500000000000 1.8063175289999999773016270410153083503246307373046875000000000000  1.000000000000000000000000000000
0.9748641140344590505506516819878015667200088500976562500000000000 0.2178750424520330131183953881190973334014415740966796875000000000 0.0465878207725390000581988658723275875672698020935058593750000000  0 0 0 0.4746004529000000249361335136200068518519401550292968750000000000 0.0172752104699999999015691543036155053414404392242431640625000000 1.8743076599999999309886788978474214673042297363281250000000000000  1.000000000000000000000000000000
0.1208117558018780013373572046475601382553577423095703125000000000 0.3104496867880289778796054633858148008584976196289062500000000000 0.9428814939499460257010809982602950185537338256835937500000000000  0 0 0 0.3468521875000000198596694644948001950979232788085937500000000000 0.9626671294999999961561343297944404184818267822265625000000000000 1.2319252309999999539513737545348703861236572265625000000000000000  1.000000000000000000000000000000
0.5456337404463960094602725803270004689693450927734375000000000000 0.8013447220721979791235867196519393473863601684570312500000000000 0.2452151253359129978726116405596258118748664855957031250000000000  0 0 0 0.0581575329399999993440495416052726795896887779235839843750000000 0.2650334165000000075096409091202076524496078491210937500000000000 1.1861097000000000445396608483861200511455535888671875000000000000  1.000000000000000000000000000000
0.5100850752586419956102758987981360405683517456054687500000000000 0.0469653397604629999073644341933686519041657447814941406250000000 0.8588407727044460315823926066514104604721069335937500000000000000  0 0 0 0.7011429853999999739500026407768018543720245361328125000000000000 0.3504205132000000055825239542173221707344055175781250000000000000 1.8738421229999999706450353187392465770244598388671875000000000000  1.000000000000000000000000000000
0.0708032640089389930793117855500895529985427856445312500000000000 0.4046112785009690071547083789482712745666503906250000000000000000 0.9117437200855800227827785420231521129608154296875000000000000000  0 0 0 0.7446562755000000199956389224098529666662216186523437500000000000 0.8187406621999999689620608478435315191745758056640625000000000000 1.7082669909999999013905380707001313567161560058593750000000000000  1.000000000000000000000000000000
0.5884089785710899800363904432742856442928314208984375000000000000 0.3581318500963410200732539578893920406699180603027343750000000000 0.7249251353646789519658000244817230850458145141601562500000000000  0 0 0 0.0598402931400000004380501650302903726696968078613281250000000000 0.1175494450000000024036950208028429187834262847900390625000000000 1.8522800729999999713726310801575891673564910888671875000000000000  1.000000000000000000000000000000
0.3389273132844760061388456051645334810018539428710937500000000000 0.7304580899918160508121900420519523322582244873046875000000000000 0.5929243249144660055094391282182186841964721679687500000000000000  0 0 0 0.2279903023000000028552847197715891525149345397949218750000000000 0.3934127041000000102322076145355822518467903137207031250000000000 1.2462969159999999213539467746159061789512634277343750000000000000  1.000000000000000000000000000000
0.6222559082583859479953503068827558308839797973632812500000000000 0.2313256438415559890220407623928622342646121978759765625000000000 0.7478542846964379986474114048178307712078094482421875000000000000  0 0 0 0.6040892182000000554253915652225259691476821899414062500000000000 0.9168447079000000554671601094014476984739303588867187500000000000 1.6363703359999999253915348162990994751453399658203125000000000000  1.000000000000000000000000000000
0.9463377059359749932099248326267115771770477294921875000000000000 0.3177340265477430203411302045424235984683036804199218750000000000 0.0590765156182629994074950730009732069447636604309082031250000000  0 0 0 0.9283059095000000260355932368838693946599960327148437500000000000 0.0886728856700000067636580070029594935476779937744140625000000000 1.3575834010000000784401663622702471911907196044921875000000000000  1.000000000000000000000000000000
0.0024671501044730001148130860144647158449515700340270996093750000 0.5206688384411309877819462599291000515222549438476562500000000000 0.8537551603631610142031149734975770115852355957031250000000000000  0 0 0 0.7594697052000000114801991912827361375093460083007812500000000000 0.0241179028500000010304393782689658110029995441436767578125000000 1.1936525849999999326911392927286215126514434814453125000000000000  1.000000000000000000000000000000
0.3506453795071650114678618592733982950448989868164062500000000000 0.9351365380894399725875132389774080365896224975585937500000000000 0.0506702374217189999150434687180677428841590881347656250000000000  0 0 0 0.1202609357000000017690055642560764681547880172729492187500000000 0.4245146047000000200100089386978652328252792358398437500000000000 1.9808739429999999703824187236023135483264923095703125000000000000  1.000000000000000000000000000000
0.4540808800853790017093558617489179596304893493652343750000000000 0.6609811141178829618780810051248408854007720947265625000000000000 0.5974232344999399479945623170351609587669372558593750000000000000  0 0 0 0.6751611120999999604563868160767015069723129272460937500000000000 0.9976920472000000428280941378034185618162155151367187500000000000 1.3060374089999999824840415385551750659942626953125000000000000000  1.000000000000000000000000000000
0.4599031450292709877203378709964454174041748046875000000000000000 0.7885662773930219859863655074150301516056060791015625000000000000 0.4082307231832230098866887146868975833058357238769531250000000000  0 0 0 0.3227408285999999737470034233410842716693878173828125000000000000 0.2272114865000000039074734559108037501573562622070312500000000000 1.8730835120000000060258571465965360403060913085937500000000000000  1.000000000000000000000000000000
0.6714153020143389660745469882385805249214172363281250000000000000 0.2409218542928459882990210871867020614445209503173828125000000000 0.7008267634337960183543714265397284179925918579101562500000000000  0 0 0 0.6262444769999999660825551472953520715236663818359375000000000000 0.2793227569000000243271131239453097805380821228027343750000000000 1.0550581269999999012298985689994879066944122314453125000000000000  1.000000000000000000000000000000
0.5444441144766609674832125165266916155815124511718750000000000000 0.4752447460741969775810389364778529852628707885742187500000000000 0.6911751135136420254312383804062847048044204711914062500000000000  0 0 0 0.9662132909999999741401666142337489873170852661132812500000000000 0.5317017281999999456232330885541159659624099731445312500000000000 1.9240930800000000111538156488677486777305603027343750000000000000  1.000000000000000000000000000000
0.6032093464620349454463621441391296684741973876953125000000000000 0.4151100074604969769609397189924493432044982910156250000000000000 0.6810449075112380290519809022953268140554428100585937500000000000  0 0 0 0.9629624280999999896835106483194977045059204101562500000000000000 0.4508845322000000210849179893557447940111160278320312500000000000 1.6862742760000000163955746756982989609241485595703125000000000000  1.000000000000000000000000000000
0.3419512481052680019644185449578799307346343994140625000000000000 0.3744349326387330090248894975957227870821952819824218750000000000 0.8618978043475199468659297963313292711973190307617187500000000000  0 0 0 0.7120496066999999484892214240971952676773071289062500000000000000 0.7976361768999999934948164082015864551067352294921875000000000000 1.0882836190000000353705900124623440206050872802734375000000000000  1.000000000000000000000000000000
0.4733154666044390168622157943900674581527709960937500000000000000 0.7143285278359110535006948339287191629409790039062500000000000000 0.5154679654380099895760736217198427766561508178710937500000000000  0 0 0 0.5301022445999999943566649562853854149580001831054687500000000000 0.2047474006999999984746096970411599613726139068603515625000000000 1.1693408519999999306548943422967568039894104003906250000000000000  1.000000000000000000000000000000
0.0708667828716989939286108324267843272536993026733398437500000000 0.7375488958596240207654659570835065096616744995117187500000000000 0.6715649821883700187896693023503758013248443603515625000000000000  0 0 0 0.7311643571999999480226506420876830816268920898437500000000000000 0.7369782584999999830444039616850204765796661376953125000000000000 1.0296532720000000082904989540111273527145385742187500000000000000  1.000000000000000000000000000000
0.1080425593998309979903993394145800266414880752563476562500000000 0.4996454257197829873504701936326455324888229370117187500000000000 0.8594656793122289473174646445841062813997268676757812500000000000  0 0 0 0.6009152289000000424223912887100595980882644653320312500000000000 0.6444353750000000324860138789517804980278015136718750000000000000 1.5979931380000000906704826775239780545234680175781250000000000000  1.000000000000000000000000000000
0.0162823828992069985499568929299130104482173919677734375000000000 0.9966877588173850277541987452423200011253356933593750000000000000 0.0796768186532390010334836460970109328627586364746093750000000000  0 0 0 0.5218103505000000197355802811216562986373901367187500000000000000 0.0142724355700000003072114296287509205285459756851196289062500000 1.1026542520000000013880026017432101070880889892578125000000000000  1.000000000000000000000000000000
0.1687999821934970112735641123435925692319869995117187500000000000 0.7954923532114479556298647366929799318313598632812500000000000000 0.5819780769011739796070514785242266952991485595703125000000000000  0 0 0 0.8110452959999999711371287958172615617513656616210937500000000000 0.9090912667999999641210706613492220640182495117187500000000000000 1.7799742389999999581107203994179144501686096191406250000000000000  1.000000000000000000000000000000
0.0629140823891199962858422622957732528448104858398437500000000000 0.7152158995258259821525825827848166227340698242187500000000000000 0.6960661141749380220744569669477641582489013671875000000000000000  0 0 0 0.3474565847000000151645338064554380252957344055175781250000000000 0.8418768508999999733433128312753979116678237915039062500000000000 1.7949146039999999135972075237077660858631134033203125000000000000  1.000000000000000000000000000000
0.6915225104042960202477274833654519170522689819335937500000000000 0.0277200973285489996045249938561028102412819862365722656250000000 0.7218228410131090067025638745690230280160903930664062500000000000  0 0 0 0.7663549748000000327863290294772014021873474121093750000000000000 0.3636118043000000077391575814544921740889549255371093750000000000 1.7768584489999998954345983293023891746997833251953125000000000000  1.000000000000000000000000000000
0.8746423368156359678948774671880528330802917480468750000000000000 0.3461551436846719842499453534401254728436470031738281250000000000 0.3393779591404380013841546315234154462814331054687500000000000000  0 0 0 0.1311326451000000004043499757244717329740524291992187500000000000 0.6175026917000000503676915286632720381021499633789062500000000000 1.5772363069999999485304442714550532400608062744140625000000000000  1.000000000000000000000000000000
0.3282585825813220115065860227332450449466705322265625000000000000 0.3904816606566779979559100866026710718870162963867187500000000000 0.8600990499079179674168926794664002954959869384765625000000000000  0 0 0 0.4734032409999999746474941275664605200290679931640625000000000000 0.2843633727000000055440409596485551446676254272460937500000000000 1.2490773539999999730554236521129496395587921142578125000000000000  1.000000000000000000000000000000
0.7131292650903490182301425193145405501127243041992187500000000000 0.5064301108541879870017510256730020046234130859375000000000000000 0.4847423997257859773490906718507176265120506286621093750000000000  0 0 0 0.2033021547999999956157779479326563887298107147216796875000000000 0.1299542928999999902295314768707612529397010803222656250000000000 1.7842968239999998925071622579707764089107513427734375000000000000  1.000000000000000000000000000000
0.0690263062593890058815659926949592772871255874633789062500000000 0.9910542525536990554613225867797154933214187622070312500000000000 0.1142227540353210057944011168729048222303390502929687500000000000  0 0 0 0.7177150048999999532028937210270669311285018920898437500000000000 0.4168927432000000266043571173213422298431396484375000000000000000 1.7380513040000000746232444726047106087207794189453125000000000000  1.000000000000000000000000000000
0.4423008380300609831969893548375694081187248229980468750000000000 0.0272533422907249994748823951340455096215009689331054687500000000 0.8964525776703919923704688699217513203620910644531250000000000000  0 0 0 0.4152853414000000076278240612737135961651802062988281250000000000 0.5187680408999999492891674890415742993354797363281250000000000000 1.1148846050000000840185521155945025384426116943359375000000000000  1.000000000000000000000000000000
0.2445499553445119877981284162160591222345829010009765625000000000 0.8174200021643780456059857897344045341014862060546875000000000000 0.5215552314017990465089269491727463901042938232421875000000000000  0 0 0 0.0522975870400000028559439613218273734673857688903808593750000000 0.6040271538999999467733914570999331772327423095703125000000000000 1.3679368499999999819749518792377784848213195800781250000000000000  1.000000000000000000000000000000
0.6900043253307539536933745694113895297050476074218750000000000000 0.6373957171826140077897093760839197784662246704101562500000000000 0.3429587886934999940713453270291211083531379699707031250000000000  0 0 0 0.5183700807000000132518380269175395369529724121093750000000000000 0.0312560442799999990692860762919735861942172050476074218750000000 1.9582002999999998937852296876371838152408599853515625000000000000  1.000000000000000000000000000000
0.5480321284746769716633707503206096589565277099609375000000000000 0.1606086668057619959437687384706805460155010223388671875000000000 0.8208931978682679764247609455196652561426162719726562500000000000  0 0 0 0.9983044271000000025040321816049981862306594848632812500000000000 0.5864405729999999650203790224622935056686401367187500000000000000 1.7258144300000000104233777165063656866550445556640625000000000000  1.000000000000000000000000000000
0.8304197852764539922176822983601596206426620483398437500000000000 0.0056938686729310003520332372772827511653304100036621093750000000 0.5571091096732699865512472570117097347974777221679687500000000000  0 0 0 0.0371753098399999967749174345499341143295168876647949218750000000 0.9198339962999999563919573120074346661567687988281250000000000000 1.8049547379999999474620153705473057925701141357421875000000000000  1.000000000000000000000000000000
0.3117024092577139748883041647786740213632583618164062500000000000 0.0014076278645350000662955780583729392674285918474197387695312500 0.9501787340530889469647490841452963650226593017578125000000000000  0 0 0 0.2978529431999999976810045154707040637731552124023437500000000000 0.1202264903000000023647331204301735851913690567016601562500000000 1.5743432799999999005535755713935941457748413085937500000000000000  1.000000000000000000000000000000
0.5829742108297709668462971421831753104925155639648437500000000000 0.7122420780253839733831000557984225451946258544921875000000000000 0.3909632870200059895360311656986596062779426574707031250000000000  0 0 0 0.9286709445999999923415657576697412878274917602539062500000000000 0.3694029204000000010665871741366572678089141845703125000000000000 1.4244235179999999996169890437158755958080291748046875000000000000  1.000000000000000000000000000000
0.8444321938549760320213977138337213546037673950195312500000000000 0.4007294727515199883605134800745872780680656433105468750000000000 0.3554576763126119920421785991493379697203636169433593750000000000  0 0 0 0.7421056791000000263380798060097731649875640869140625000000000000 0.8266727161000000378976437787059694528579711914062500000000000000 1.7107278130000000970767359831370413303375244140625000000000000000  1.000000000000000000000000000000
0.3221615820240539829200088206562213599681854248046875000000000000 0.9415232271155620225044913240708410739898681640625000000000000000 0.0987214661036650009684478845883859321475028991699218750000000000  0 0 0 0.1306900014000000054270600458039552904665470123291015625000000000 0.9840906868000000029539364732045214623212814331054687500000000000 1.0974480280000000753659605834400281310081481933593750000000000000  1.000000000000000000000000000000
0.2878100105953649845424990871833870187401771545410156250000000000 0.2916650737271500037905980207142420113086700439453125000000000000 0.9121934458045789506641654043050948530435562133789062500000000000  0 0 0 0.2323066909000000013207909432821907103061676025390625000000000000 0.7181620100000000173068315234559122473001480102539062500000000000 1.7160350209999999382404212155961431562900543212890625000000000000  1.000000000000000000000000000000
0.2967855630022280255531086368137039244174957275390625000000000000 0.6647001451919729575479323102626949548721313476562500000000000000 0.6856325886181460216306504662497900426387786865234375000000000000  0 0 0 0.3578750667999999746093919839040609076619148254394531250000000000 0.8151750335999999874658783483027946203947067260742187500000000000 1.5322952340000000059916374084423296153545379638671875000000000000  1.000000000000000000000000000000
0.6432488463531169653464303337386809289455413818359375000000000000 0.7603615034532029692826426980900578200817108154296875000000000000 0.0898960829612090034368421243016200605779886245727539062500000000  0 0 0 0.7287440578999999640785745214088819921016693115234375000000000000 0.2292271730999999868050309714817558415234088897705078125000000000 1.1547919669999999747744823253015056252479553222656250000000000000  1.000000000000000000000000000000
0.6306303113536819715534420538460835814476013183593750000000000000 0.5969880926925049680065171742171514779329299926757812500000000000 0.4958937664312009774292278052598703652620315551757812500000000000  0 0 0 0.4238891894999999854221073292137589305639266967773437500000000000 0.4166760910000000261987906924332492053508758544921875000000000000 1.7943125460000000082061433204216882586479187011718750000000000000  1.000000000000000000000000000000
0.5564750113579559620546888254466466605663299560546875000000000000 0.8056907863389239921048101678024977445602416992187500000000000000 0.2029727039351079953544143563703983090817928314208984375000000000  0 0 0 0.6662561339000000470988993583887349814176559448242187500000000000 0.7432220131000000229448687605326995253562927246093750000000000000 1.0806676550000000602835825702641159296035766601562500000000000000  1.000000000000000000000000000000
0.5505136436476949501894750937935896217823028564453125000000000000 0.3151211033148049733831896901392610743641853332519531250000000000 0.7730675380608079683142364046943839639425277709960937500000000000  0 0 0 0.2976254154999999901320961726014502346515655517578125000000000000 0.5550094903000000190473883776576258242130279541015625000000000000 1.5238303499999998891212271701078861951828002929687500000000000000  1.000000000000000000000000000000
0.2047863319775810042600028282322455197572708129882812500000000000 0.8668660286072950027502770353748928755521774291992187500000000000 0.4545391585790869992678153721499256789684295654296875000000000000  0 0 0 0.3536322023999999841770147668285062536597251892089843750000000000 0.8405150552000000274688318313565105199813842773437500000000000000 1.9937856179999999817198386153904721140861511230468750000000000000  1.000000000000000000000000000000
0.0923154499710120007849312173675571102648973464965820312500000000 0.8963359728558030203870998775528278201818466186523437500000000000 0.4336584848256639923569366601441288366913795471191406250000000000  0 0 0 0.3876630314999999771252703339996514841914176940917968750000000000 0.8254551995000000141899931804800871759653091430664062500000000000 1.7110018220000000610525603406131267547607421875000000000000000000  1.000000000000000000000000000000
0.2877369354897900133316568371810717508196830749511718750000000000 0.4418507179276590091099308210687013342976570129394531250000000000 0.8496913551530089758756503215408883988857269287109375000000000000  0 0 0 0.5102874013000000541495637662592343986034393310546875000000000000 0.7032306580999999612302531204477418214082717895507812500000000000 1.0369623539999999195515556493774056434631347656250000000000000000  1.000000000000000000000000000000
0.6063067555689070076141433673910796642303466796875000000000000000 0.4366464214418119826888187162694521248340606689453125000000000000 0.6646292355844459764924181399692315608263015747070312500000000000  0 0 0 0.8992833998000000494954520036117173731327056884765625000000000000 0.3203165386999999864059418541728518903255462646484375000000000000 1.1430169900000000104967057268368080258369445800781250000000000000  1.000000000000000000000000000000
0.4924862730950819722508526865567546337842941284179687500000000000 0.6645567075966819503562987847544718533754348754882812500000000000 0.5619801181547029456098130140162538737058639526367187500000000000  0 0 0 0.2932673586000000276463595128007000312209129333496093750000000000 0.0555045460399999981970786677720752777531743049621582031250000000 1.3887365300000000800650923338253051042556762695312500000000000000  1.000000000000000000000000000000
0.1847282616079090056260270102939102798700332641601562500000000000 0.2575640367137940200947809898934792727231979370117187500000000000 0.9484388416524359710635394549171905964612960815429687500000000000  0 0 0 0.4420022358999999845252659724792465567588806152343750000000000000 0.8054272053000000042288775148335844278335571289062500000000000000 1.2248191150000000693154333930579014122486114501953125000000000000  1.000000000000000000000000000000
0.9310085012925459757582302700029686093330383300781250000000000000 0.3383523402843620075941544200759381055831909179687500000000000000 0.1368972766168249921570065907872049137949943542480468750000000000  0 0 0 0.9381206678000000298567329082288779318332672119140625000000000000 0.8680897121999999743735543233924545347690582275390625000000000000 1.7368871759999999770940348753356374800205230712890625000000000000  1.000000000000000000000000000000
0.5881694407942329450023066783614922314882278442382812500000000000 0.5998827939818689447548649695818312466144561767578125000000000000 0.5423996150443930464035702243563719093799591064453125000000000000  0 0 0 0.5502694369999999723930272921279538422822952270507812500000000000 0.3447979455999999887083617977623362094163894653320312500000000000 1.2181615180000000542293037142371758818626403808593750000000000000  1.000000000000000000000000000000
0.5073385657598159514947155912523157894611358642578125000000000000 0.5990443481702230066332504065940156579017639160156250000000000000 0.6194783681599269620221548393601551651954650878906250000000000000  0 0 0 0.1102348603000000010210257528342481236904859542846679687500000000 0.9486664794000000400231442654330749064683914184570312500000000000 1.8845103050000000521890797244850546121597290039062500000000000000  1.000000000000000000000000000000
0.4002190995569839815360069223970640450716018676757812500000000000 0.6549343914810690225891676163882948458194732666015625000000000000 0.6410035999938830109101672860560938715934753417968750000000000000  0 0 0 0.6974136013999999716972411079041194170713424682617187500000000000 0.1466761347999999964830664112014346756041049957275390625000000000 1.5220515740000000182163830686477012932300567626953125000000000000  1.000000000000000000000000000000
0.4036536899000299771778088597784517332911491394042968750000000000 0.5446659545765140109097046661190688610076904296875000000000000000 0.7351208720716240208048475324176251888275146484375000000000000000  0 0 0 0.3144823945999999925682288903772132471203804016113281250000000000 0.0578571958500000010916508585978590417653322219848632812500000000 1.4168061130000000336082166541018523275852203369140625000000000000  1.000000000000000000000000000000
0.5296740149923460094782967644277960062026977539062500000000000000 0.4071735351178220052581480103981448337435722351074218750000000000 0.7440800697112800454746661671379115432500839233398437500000000000  0 0 0 0.3396599973000000161071909587917616590857505798339843750000000000 0.3731956895999999912483247044292511418461799621582031250000000000 1.9714738179999999889702166910865344107151031494140625000000000000  1.000000000000000000000000000000
0.8281611772418180361654549415106885135173797607421875000000000000 0.4611841369103690246866733559727435931563377380371093750000000000 0.3185251267509109918130150163051439449191093444824218750000000000  0 0 0 0.9922935352999999736312020104378461837768554687500000000000000000 0.7159074154000000245190449277288280427455902099609375000000000000 1.7566332639999999720714640716323629021644592285156250000000000000  1.000000000000000000000000000000
0.9060007270356400521649220536346547305583953857421875000000000000 0.2023001387971259945608437647024402394890785217285156250000000000 0.3718028193189980012967055245098890736699104309082031250000000000  0 0 0 0.7466095039000000266327106146491132676601409912109375000000000000 0.3288666396000000102795013390277745202183723449707031250000000000 1.0968210229999999505423602386144921183586120605468750000000000000  1.000000000000000000000000000000
0.5646379874972440315872290739207528531551361083984375000000000000 0.5247238463763880256252036815567407757043838500976562500000000000 0.6370626563526009533688920782878994941711425781250000000000000000  0 0 0 0.6512252431999999702227910347573924809694290161132812500000000000 0.6347119189000000050171479415439534932374954223632812500000000000 1.8489649390000000295231075142510235309600830078125000000000000000  1.000000000000000000000000000000
0.2139929196386619880687618433512398041784763336181640625000000000 0.8702785404192989737737207178724929690361022949218750000000000000 0.4436465850541119748662310939835151657462120056152343750000000000  0 0 0 0.5421205199999999946314233056909870356321334838867187500000000000 0.8668369646000000372509930457454174757003784179687500000000000000 1.0554337300000000698929625286837108433246612548828125000000000000  1.000000000000000000000000000000
0.0777366829175430013032510601078683976083993911743164062500000000 0.9553030286327950371116912720026448369026184082031250000000000000 0.2852247037231990245409463113901438191533088684082031250000000000  0 0 0 0.5516247237000000414042233387590385973453521728515625000000000000 0.6971191316999999498804641007154714316129684448242187500000000000 1.8414864099999999069723344291560351848602294921875000000000000000  1.000000000000000000000000000000
0 0 0 0 0 0 0 0 0 0 0 0 0 0 0 0 0 0 0 0 0 0 0 0 0 0 0 0 0 0 
