170 10 30
0.0061175841838121414184570312500000000000000000000000000000000000 -0.3225579261779785156250000000000000000000000000000000000000000000 0.9465299844741821289062500000000000000000000000000000000000000000  0 0 0 5.6180787086486816406250000000000000000000000000000000000000000000 -17.3042221069335937500000000000000000000000000000000000000000000000 36.7588996887207031250000000000000000000000000000000000000000000000  13.004809969430990435057537979446
-0.0134260496124625205993652343750000000000000000000000000000000000 -0.3172743320465087890625000000000000000000000000000000000000000000 0.9482387304306030273437500000000000000000000000000000000000000000  0 0 0 17.0328006744384765625000000000000000000000000000000000000000000000 -17.1802616119384765625000000000000000000000000000000000000000000000 33.8697509765625000000000000000000000000000000000000000000000000000  1.044060143578137589415177899355
0.0055980579927563667297363281250000000000000000000000000000000000 -0.3110425174236297607421875000000000000000000000000000000000000000 0.9503794908523559570312500000000000000000000000000000000000000000  0 0 0 3.4944157600402832031250000000000000000000000000000000000000000000 -17.6995658874511718750000000000000000000000000000000000000000000000 36.1610794067382812500000000000000000000000000000000000000000000000  0.497949735523950165472228945873
0.0083241015672683715820312500000000000000000000000000000000000000 -0.3095872700214385986328125000000000000000000000000000000000000000 0.9508345723152160644531250000000000000000000000000000000000000000  0 0 0 9.6004314422607421875000000000000000000000000000000000000000000000 -6.4781732559204101562500000000000000000000000000000000000000000000 31.4586353302001953125000000000000000000000000000000000000000000000  5.833684383170012921482339152135
0.0214757546782493591308593750000000000000000000000000000000000000 -0.2978569269180297851562500000000000000000000000000000000000000000 0.9543689489364624023437500000000000000000000000000000000000000000  0 0 0 7.7777857780456542968750000000000000000000000000000000000000000000 3.2382433414459228515625000000000000000000000000000000000000000000 35.1116714477539062500000000000000000000000000000000000000000000000  0.779248339785378218991240828473
0.0464006252586841583251953125000000000000000000000000000000000000 -0.2723835706710815429687500000000000000000000000000000000000000000 0.9610692858695983886718750000000000000000000000000000000000000000  0 0 0 3.9826221466064453125000000000000000000000000000000000000000000000 -13.1830492019653320312500000000000000000000000000000000000000000000 32.4182395935058593750000000000000000000000000000000000000000000000  4.142144142995964450904011755483
0.0705346539616584777832031250000000000000000000000000000000000000 -0.2714984118938446044921875000000000000000000000000000000000000000 0.9598507881164550781250000000000000000000000000000000000000000000  0 0 0 8.2513456344604492187500000000000000000000000000000000000000000000 -6.2024722099304199218750000000000000000000000000000000000000000000 31.9576873779296875000000000000000000000000000000000000000000000000  6.160595360540893850043175916653
0.0012591917766258120536804199218750000000000000000000000000000000 -0.2696680426597595214843750000000000000000000000000000000000000000 0.9629524946212768554687500000000000000000000000000000000000000000  0 0 0 17.1359786987304687500000000000000000000000000000000000000000000000 -16.1333656311035156250000000000000000000000000000000000000000000000 32.3943595886230468750000000000000000000000000000000000000000000000  3.405585670842310896944127307506
0.0282811298966407775878906250000000000000000000000000000000000000 -0.2690583467483520507812500000000000000000000000000000000000000000 0.9627085924148559570312500000000000000000000000000000000000000000  0 0 0 7.7917857170104980468750000000000000000000000000000000000000000000 -10.1403312683105468750000000000000000000000000000000000000000000000 40.5356712341308593750000000000000000000000000000000000000000000000  2.976516783236570429238554424956
0.0470253266394138336181640625000000000000000000000000000000000000 -0.2668591737747192382812500000000000000000000000000000000000000000 0.9625875353813171386718750000000000000000000000000000000000000000  0 0 0 5.1375389099121093750000000000000000000000000000000000000000000000 -1.5734727382659912109375000000000000000000000000000000000000000000 34.9011039733886718750000000000000000000000000000000000000000000000  7.441153654478447343478819675511
0.0387847796082496643066406250000000000000000000000000000000000000 -0.2654440999031066894531250000000000000000000000000000000000000000 0.9633458256721496582031250000000000000000000000000000000000000000  0 0 0 7.2429542541503906250000000000000000000000000000000000000000000000 -6.4309420585632324218750000000000000000000000000000000000000000000 33.6022491455078125000000000000000000000000000000000000000000000000  3.551088340825037104053762959666
-0.0385713279247283935546875000000000000000000000000000000000000000 -0.2563477158546447753906250000000000000000000000000000000000000000 0.9658147096633911132812500000000000000000000000000000000000000000  0 0 0 17.4012680053710937500000000000000000000000000000000000000000000000 -4.3726463317871093750000000000000000000000000000000000000000000000 34.8706474304199218750000000000000000000000000000000000000000000000  4.312704044678148385116855934029
-0.0048304046504199504852294921875000000000000000000000000000000000 -0.2534851431846618652343750000000000000000000000000000000000000000 0.9673272371292114257812500000000000000000000000000000000000000000  0 0 0 11.2640638351440429687500000000000000000000000000000000000000000000 -6.9619674682617187500000000000000000000000000000000000000000000000 31.1510829925537109375000000000000000000000000000000000000000000000  7.663844501328533453943236963823
0.0521948896348476409912109375000000000000000000000000000000000000 -0.2516165673732757568359375000000000000000000000000000000000000000 0.9664185643196105957031250000000000000000000000000000000000000000  0 0 0 10.4513082504272460937500000000000000000000000000000000000000000000 12.3638811111450195312500000000000000000000000000000000000000000000 37.4974060058593750000000000000000000000000000000000000000000000000  5.837874074350752451323387504090
0.0168101117014884948730468750000000000000000000000000000000000000 -0.2463060766458511352539062500000000000000000000000000000000000000 0.9690462946891784667968750000000000000000000000000000000000000000  0 0 0 19.5222148895263671875000000000000000000000000000000000000000000000 -7.2856159210205078125000000000000000000000000000000000000000000000 34.7980766296386718750000000000000000000000000000000000000000000000  0.680773848075991727668565545173
0.0301272273063659667968750000000000000000000000000000000000000000 -0.2457172274589538574218750000000000000000000000000000000000000000 0.9688732624053955078125000000000000000000000000000000000000000000  0 0 0 7.2429542541503906250000000000000000000000000000000000000000000000 -6.4309420585632324218750000000000000000000000000000000000000000000 33.6022491455078125000000000000000000000000000000000000000000000000  0.310606860454452127218161194833
-0.0026203256566077470779418945312500000000000000000000000000000000 -0.2442905455827713012695312500000000000000000000000000000000000000 0.9696985483169555664062500000000000000000000000000000000000000000  0 0 0 7.5558800697326660156250000000000000000000000000000000000000000000 -0.1247740760445594787597656250000000000000000000000000000000000000 34.0124969482421875000000000000000000000000000000000000000000000000  3.733759177941521567589688856970
0.0714061185717582702636718750000000000000000000000000000000000000 -0.2251245081424713134765625000000000000000000000000000000000000000 0.9717099070549011230468750000000000000000000000000000000000000000  0 0 0 19.6291637420654296875000000000000000000000000000000000000000000000 16.3117485046386718750000000000000000000000000000000000000000000000 46.3991355895996093750000000000000000000000000000000000000000000000  1.845230096890031479262006541830
0.0725135579705238342285156250000000000000000000000000000000000000 -0.2251064777374267578125000000000000000000000000000000000000000000 0.9716320633888244628906250000000000000000000000000000000000000000  0 0 0 19.6291637420654296875000000000000000000000000000000000000000000000 16.3117485046386718750000000000000000000000000000000000000000000000 46.3991355895996093750000000000000000000000000000000000000000000000  2.387446207579446699753589200554
0.0331950895488262176513671875000000000000000000000000000000000000 -0.2083243578672409057617187500000000000000000000000000000000000000 0.9774963259696960449218750000000000000000000000000000000000000000  0 0 0 13.0378303527832031250000000000000000000000000000000000000000000000 2.1958994865417480468750000000000000000000000000000000000000000000 34.3397178649902343750000000000000000000000000000000000000000000000  13.289141558678489118960897030775
0.0511381998658180236816406250000000000000000000000000000000000000 -0.2023758441209793090820312500000000000000000000000000000000000000 0.9779718518257141113281250000000000000000000000000000000000000000  0 0 0 5.2248363494873046875000000000000000000000000000000000000000000000 11.3865938186645507812500000000000000000000000000000000000000000000 39.7864685058593750000000000000000000000000000000000000000000000000  8.570588459545616544232871092390
0.0832690596580505371093750000000000000000000000000000000000000000 -0.0748647674918174743652343750000000000000000000000000000000000000 0.9937109947204589843750000000000000000000000000000000000000000000  0 0 0 25.7457714080810546875000000000000000000000000000000000000000000000 12.7600765228271484375000000000000000000000000000000000000000000000 91.2124557495117187500000000000000000000000000000000000000000000000  0.991968827904042727006128643552
0.0159252006560564041137695312500000000000000000000000000000000000 -0.3137072920799255371093750000000000000000000000000000000000000000 0.9493861794471740722656250000000000000000000000000000000000000000  0 0 0 8.1750793457031250000000000000000000000000000000000000000000000000 -12.9771356582641601562500000000000000000000000000000000000000000000 34.4381675720214843750000000000000000000000000000000000000000000000  2.947767066884717568342466620379
0.0205082278698682785034179687500000000000000000000000000000000000 -0.3113680183887481689453125000000000000000000000000000000000000000 0.9500681161880493164062500000000000000000000000000000000000000000  0 0 0 13.0141143798828125000000000000000000000000000000000000000000000000 -8.8261194229125976562500000000000000000000000000000000000000000000 35.2575111389160156250000000000000000000000000000000000000000000000  2.161260682716677372638969245600
0.0224665142595767974853515625000000000000000000000000000000000000 -0.3113549053668975830078125000000000000000000000000000000000000000 0.9500281214714050292968750000000000000000000000000000000000000000  0 0 0 11.7497673034667968750000000000000000000000000000000000000000000000 -14.0545282363891601562500000000000000000000000000000000000000000000 32.8765563964843750000000000000000000000000000000000000000000000000  1.249669119130721206545331369853
0.0273388680070638656616210937500000000000000000000000000000000000 -0.2765733897686004638671875000000000000000000000000000000000000000 0.9606038331985473632812500000000000000000000000000000000000000000  0 0 0 13.0378303527832031250000000000000000000000000000000000000000000000 2.1958994865417480468750000000000000000000000000000000000000000000 34.3397178649902343750000000000000000000000000000000000000000000000  2.629536733595852382450175355189
0.0451384186744689941406250000000000000000000000000000000000000000 -0.2763948142528533935546875000000000000000000000000000000000000000 0.9599835872650146484375000000000000000000000000000000000000000000  0 0 0 5.3518948554992675781250000000000000000000000000000000000000000000 10.1188535690307617187500000000000000000000000000000000000000000000 37.5115890502929687500000000000000000000000000000000000000000000000  6.988557622341271979848897899501
-0.0017214071704074740409851074218750000000000000000000000000000000 -0.2658451199531555175781250000000000000000000000000000000000000000 0.9640142321586608886718750000000000000000000000000000000000000000  0 0 0 15.2408056259155273437500000000000000000000000000000000000000000000 -17.6206989288330078125000000000000000000000000000000000000000000000 34.1437416076660156250000000000000000000000000000000000000000000000  1.841163866487760758516856185452
0.0386723875999450683593750000000000000000000000000000000000000000 -0.2656466364860534667968750000000000000000000000000000000000000000 0.9632945060729980468750000000000000000000000000000000000000000000  0 0 0 8.9930410385131835937500000000000000000000000000000000000000000000 -17.8215904235839843750000000000000000000000000000000000000000000000 36.4161300659179687500000000000000000000000000000000000000000000000  2.550338557149020246583859261591
0.0514064319431781768798828125000000000000000000000000000000000000 -0.2527461647987365722656250000000000000000000000000000000000000000 0.9661660194396972656250000000000000000000000000000000000000000000  0 0 0 7.3792834281921386718750000000000000000000000000000000000000000000 12.2072029113769531250000000000000000000000000000000000000000000000 38.7040252685546875000000000000000000000000000000000000000000000000  2.512801982268039413526139469468
-0.0382821336388587951660156250000000000000000000000000000000000000 -0.2522844970226287841796875000000000000000000000000000000000000000 0.9668955206871032714843750000000000000000000000000000000000000000  0 0 0 16.1272430419921875000000000000000000000000000000000000000000000000 -18.9895248413085937500000000000000000000000000000000000000000000000 35.8535118103027343750000000000000000000000000000000000000000000000  2.079724121019589588854614703450
-0.0043890178203582763671875000000000000000000000000000000000000000 -0.2518556416034698486328125000000000000000000000000000000000000000 0.9677548408508300781250000000000000000000000000000000000000000000  0 0 0 8.8077077865600585937500000000000000000000000000000000000000000000 4.7290368080139160156250000000000000000000000000000000000000000000 35.6172904968261718750000000000000000000000000000000000000000000000  6.619859573593457113815929915290
-0.0190396569669246673583984375000000000000000000000000000000000000 -0.2481376379728317260742187500000000000000000000000000000000000000 0.9685376882553100585937500000000000000000000000000000000000000000  0 0 0 12.5069894790649414062500000000000000000000000000000000000000000000 -9.0410871505737304687500000000000000000000000000000000000000000000 43.3592872619628906250000000000000000000000000000000000000000000000  5.150274006685926941884190455312
0.0589419044554233551025390625000000000000000000000000000000000000 -0.2360623180866241455078125000000000000000000000000000000000000000 0.9699486494064331054687500000000000000000000000000000000000000000  0 0 0 7.5558800697326660156250000000000000000000000000000000000000000000 -0.1247740760445594787597656250000000000000000000000000000000000000 34.0124969482421875000000000000000000000000000000000000000000000000  4.327784628867224370196709060110
0.0789557173848152160644531250000000000000000000000000000000000000 -0.2295498549938201904296875000000000000000000000000000000000000000 0.9700890779495239257812500000000000000000000000000000000000000000  0 0 0 9.5893335342407226562500000000000000000000000000000000000000000000 7.2624902725219726562500000000000000000000000000000000000000000000 36.1319198608398437500000000000000000000000000000000000000000000000  3.091022282459894743311679121689
0.0438800752162933349609375000000000000000000000000000000000000000 -0.2131712436676025390625000000000000000000000000000000000000000000 0.9760289788246154785156250000000000000000000000000000000000000000  0 0 0 10.2823610305786132812500000000000000000000000000000000000000000000 -0.4686287343502044677734375000000000000000000000000000000000000000 34.8178863525390625000000000000000000000000000000000000000000000000  1.888759497530359876549255204736
0.0895094797015190124511718750000000000000000000000000000000000000 -0.1980360299348831176757812500000000000000000000000000000000000000 0.9760992527008056640625000000000000000000000000000000000000000000  0 0 0 10.8444128036499023437500000000000000000000000000000000000000000000 12.2209844589233398437500000000000000000000000000000000000000000000 37.5779647827148437500000000000000000000000000000000000000000000000  3.826247988046497017222691283678
0.0203810632228851318359375000000000000000000000000000000000000000 -0.3288075029850006103515625000000000000000000000000000000000000000 0.9441770315170288085937500000000000000000000000000000000000000000  0 0 0 5.7181582450866699218750000000000000000000000000000000000000000000 -6.9628748893737792968750000000000000000000000000000000000000000000 32.3150520324707031250000000000000000000000000000000000000000000000  3.695659882418059094533191455412
0.0478888601064682006835937500000000000000000000000000000000000000 -0.3113075196743011474609375000000000000000000000000000000000000000 0.9491018056869506835937500000000000000000000000000000000000000000  0 0 0 3.0528614521026611328125000000000000000000000000000000000000000000 -12.3977079391479492187500000000000000000000000000000000000000000000 39.7031936645507812500000000000000000000000000000000000000000000000  7.308637765530546559489266655874
0.0314985290169715881347656250000000000000000000000000000000000000 -0.3087289035320281982421875000000000000000000000000000000000000000 0.9506283998489379882812500000000000000000000000000000000000000000  0 0 0 11.5508193969726562500000000000000000000000000000000000000000000000 -8.6477069854736328125000000000000000000000000000000000000000000000 30.7712898254394531250000000000000000000000000000000000000000000000  3.335220023509962494756564410636
-0.0266140699386596679687500000000000000000000000000000000000000000 -0.2996766567230224609375000000000000000000000000000000000000000000 0.9536695480346679687500000000000000000000000000000000000000000000  0 0 0 11.7497673034667968750000000000000000000000000000000000000000000000 -14.0545282363891601562500000000000000000000000000000000000000000000 32.8765563964843750000000000000000000000000000000000000000000000000  3.269756494577555017144732119050
-0.0360683165490627288818359375000000000000000000000000000000000000 -0.2974775135517120361328125000000000000000000000000000000000000000 0.9540472626686096191406250000000000000000000000000000000000000000  0 0 0 12.7948474884033203125000000000000000000000000000000000000000000000 -18.4970817565917968750000000000000000000000000000000000000000000000 33.6397056579589843750000000000000000000000000000000000000000000000  6.690879982400115721929978462867
0.0215054750442504882812500000000000000000000000000000000000000000 -0.2805573642253875732421875000000000000000000000000000000000000000 0.9595963358879089355468750000000000000000000000000000000000000000  0 0 0 1.3277339935302734375000000000000000000000000000000000000000000000 -16.3264465332031250000000000000000000000000000000000000000000000000 37.6148262023925781250000000000000000000000000000000000000000000000  0.486178547666399452076291254343
0.0672785192728042602539062500000000000000000000000000000000000000 -0.2799864411354064941406250000000000000000000000000000000000000000 0.9576435685157775878906250000000000000000000000000000000000000000  0 0 0 7.5558800697326660156250000000000000000000000000000000000000000000 -0.1247740760445594787597656250000000000000000000000000000000000000 34.0124969482421875000000000000000000000000000000000000000000000000  1.411463723926744462389137879654
0.0230927970260381698608398437500000000000000000000000000000000000 -0.2798312902450561523437500000000000000000000000000000000000000000 0.9597713947296142578125000000000000000000000000000000000000000000  0 0 0 12.9838981628417968750000000000000000000000000000000000000000000000 -1.0315121412277221679687500000000000000000000000000000000000000000 31.9713535308837890625000000000000000000000000000000000000000000000  6.643662681623904830985338776372
0.0199359785765409469604492187500000000000000000000000000000000000 -0.2784165740013122558593750000000000000000000000000000000000000000 0.9602534770965576171875000000000000000000000000000000000000000000  0 0 0 13.0874633789062500000000000000000000000000000000000000000000000000 4.4815640449523925781250000000000000000000000000000000000000000000 35.1539878845214843750000000000000000000000000000000000000000000000  0.932496413773189258833440362650
0.0547524169087409973144531250000000000000000000000000000000000000 -0.2759029269218444824218750000000000000000000000000000000000000000 0.9596247673034667968750000000000000000000000000000000000000000000  0 0 0 11.2640638351440429687500000000000000000000000000000000000000000000 -6.9619674682617187500000000000000000000000000000000000000000000000 31.1510829925537109375000000000000000000000000000000000000000000000  0.012870293218896093623282439466
0.0468655191361904144287109375000000000000000000000000000000000000 -0.2752954959869384765625000000000000000000000000000000000000000000 0.9602166414260864257812500000000000000000000000000000000000000000  0 0 0 12.1836118698120117187500000000000000000000000000000000000000000000 12.3720045089721679687500000000000000000000000000000000000000000000 37.3892250061035156250000000000000000000000000000000000000000000000  0.719245257727804010450256555487
0.0674230456352233886718750000000000000000000000000000000000000000 -0.2728160321712493896484375000000000000000000000000000000000000000 0.9597007632255554199218750000000000000000000000000000000000000000  0 0 0 10.4513082504272460937500000000000000000000000000000000000000000000 12.3638811111450195312500000000000000000000000000000000000000000000 37.4974060058593750000000000000000000000000000000000000000000000000  3.017094064943561360081503153197
-0.0022512944415211677551269531250000000000000000000000000000000000 -0.2662075459957122802734375000000000000000000000000000000000000000 0.9639130830764770507812500000000000000000000000000000000000000000  0 0 0 15.2408056259155273437500000000000000000000000000000000000000000000 -17.6206989288330078125000000000000000000000000000000000000000000000 34.1437416076660156250000000000000000000000000000000000000000000000  0.489051063537080887844155085986
0.0612430013716220855712890625000000000000000000000000000000000000 -0.2657085061073303222656250000000000000000000000000000000000000000 0.9621061682701110839843750000000000000000000000000000000000000000  0 0 0 2.3611948490142822265625000000000000000000000000000000000000000000 -16.6661014556884765625000000000000000000000000000000000000000000000 37.3687744140625000000000000000000000000000000000000000000000000000  3.737391179456270862146993749775
0.0113106947392225265502929687500000000000000000000000000000000000 -0.2515972554683685302734375000000000000000000000000000000000000000 0.9677659273147583007812500000000000000000000000000000000000000000  0 0 0 11.8887758255004882812500000000000000000000000000000000000000000000 -21.5800991058349609375000000000000000000000000000000000000000000000 42.7367362976074218750000000000000000000000000000000000000000000000  2.932805742645967495008108016918
0.0512215681374073028564453125000000000000000000000000000000000000 -0.2468762099742889404296875000000000000000000000000000000000000000 0.9676923751831054687500000000000000000000000000000000000000000000  0 0 0 6.0032968521118164062500000000000000000000000000000000000000000000 11.1304874420166015625000000000000000000000000000000000000000000000 39.1206741333007812500000000000000000000000000000000000000000000000  3.410576659706292979024055966875
0.0591778270900249481201171875000000000000000000000000000000000000 -0.2467674762010574340820312500000000000000000000000000000000000000 0.9672661423683166503906250000000000000000000000000000000000000000  0 0 0 5.9837164878845214843750000000000000000000000000000000000000000000 -8.4307804107666015625000000000000000000000000000000000000000000000 40.6411056518554687500000000000000000000000000000000000000000000000  3.613100112768698579657211666927
0.0169205497950315475463867187500000000000000000000000000000000000 -0.2464284747838973999023437500000000000000000000000000000000000000 0.9690132737159729003906250000000000000000000000000000000000000000  0 0 0 10.4513082504272460937500000000000000000000000000000000000000000000 12.3638811111450195312500000000000000000000000000000000000000000000 37.4974060058593750000000000000000000000000000000000000000000000000  1.533672945356607586475661264558
-0.0006650392315350472927093505859375000000000000000000000000000000 -0.2442502975463867187500000000000000000000000000000000000000000000 0.9697120189666748046875000000000000000000000000000000000000000000  0 0 0 14.7410850524902343750000000000000000000000000000000000000000000000 7.2278513908386230468750000000000000000000000000000000000000000000 36.2380943298339843750000000000000000000000000000000000000000000000  4.127697405916799233693836868042
0.0681220740079879760742187500000000000000000000000000000000000000 -0.2348119765520095825195312500000000000000000000000000000000000000 0.9696508049964904785156250000000000000000000000000000000000000000  0 0 0 5.3807845115661621093750000000000000000000000000000000000000000000 11.7039604187011718750000000000000000000000000000000000000000000000 39.8423423767089843750000000000000000000000000000000000000000000000  0.026537561714710337229528036573
0.0546102114021778106689453125000000000000000000000000000000000000 -0.2320347577333450317382812500000000000000000000000000000000000000 0.9711732864379882812500000000000000000000000000000000000000000000  0 0 0 4.0454578399658203125000000000000000000000000000000000000000000000 4.9274926185607910156250000000000000000000000000000000000000000000 38.4463768005371093750000000000000000000000000000000000000000000000  0.009680615725987070860347749601
0.0354655459523200988769531250000000000000000000000000000000000000 -0.2262651771306991577148437500000000000000000000000000000000000000 0.9734199047088623046875000000000000000000000000000000000000000000  0 0 0 16.5104084014892578125000000000000000000000000000000000000000000000 -3.8790063858032226562500000000000000000000000000000000000000000000 39.6262855529785156250000000000000000000000000000000000000000000000  1.513842012146857873844396635832
0.0347542278468608856201171875000000000000000000000000000000000000 -0.2150077670812606811523437500000000000000000000000000000000000000 0.9759937524795532226562500000000000000000000000000000000000000000  0 0 0 15.4685926437377929687500000000000000000000000000000000000000000000 -9.6038599014282226562500000000000000000000000000000000000000000000 39.0745620727539062500000000000000000000000000000000000000000000000  7.908576825361515183487881586188
0.0436097979545593261718750000000000000000000000000000000000000000 -0.2134252041578292846679687500000000000000000000000000000000000000 0.9759855866432189941406250000000000000000000000000000000000000000  0 0 0 17.6076259613037109375000000000000000000000000000000000000000000000 -3.5361380577087402343750000000000000000000000000000000000000000000 34.0400466918945312500000000000000000000000000000000000000000000000  1.246318496223320249072230581078
0.0420095920562744140625000000000000000000000000000000000000000000 -0.2126853168010711669921875000000000000000000000000000000000000000 0.9762172698974609375000000000000000000000000000000000000000000000  0 0 0 12.1846647262573242187500000000000000000000000000000000000000000000 8.0009365081787109375000000000000000000000000000000000000000000000 36.0599708557128906250000000000000000000000000000000000000000000000  0.567856207879278818140278417559
0.0413397997617721557617187500000000000000000000000000000000000000 -0.1975213438272476196289062500000000000000000000000000000000000000 0.9794265627861022949218750000000000000000000000000000000000000000  0 0 0 11.9550418853759765625000000000000000000000000000000000000000000000 5.1358680725097656250000000000000000000000000000000000000000000000 35.4949073791503906250000000000000000000000000000000000000000000000  2.299324559929416977865912485868
0.0114684458822011947631835937500000000000000000000000000000000000 -0.1923292726278305053710937500000000000000000000000000000000000000 0.9812634587287902832031250000000000000000000000000000000000000000  0 0 0 21.7911071777343750000000000000000000000000000000000000000000000000 8.4617424011230468750000000000000000000000000000000000000000000000 58.9334373474121093750000000000000000000000000000000000000000000000  1.028784547827340523085126733349
0.0192523505538702011108398437500000000000000000000000000000000000 -0.3117462694644927978515625000000000000000000000000000000000000000 0.9499703049659729003906250000000000000000000000000000000000000000  0 0 0 13.0141143798828125000000000000000000000000000000000000000000000000 -8.8261194229125976562500000000000000000000000000000000000000000000 35.2575111389160156250000000000000000000000000000000000000000000000  2.046021996410534171673134551384
0.0316005870699882507324218750000000000000000000000000000000000000 -0.2990707457065582275390625000000000000000000000000000000000000000 0.9537075757980346679687500000000000000000000000000000000000000000  0 0 0 4.0883460044860839843750000000000000000000000000000000000000000000 5.9922051429748535156250000000000000000000000000000000000000000000 38.7958030700683593750000000000000000000000000000000000000000000000  3.005396317367626135563796196948
0.0496501252055168151855468750000000000000000000000000000000000000 -0.2895337343215942382812500000000000000000000000000000000000000000 0.9558792114257812500000000000000000000000000000000000000000000000  0 0 0 9.5893335342407226562500000000000000000000000000000000000000000000 7.2624902725219726562500000000000000000000000000000000000000000000 36.1319198608398437500000000000000000000000000000000000000000000000  0.390101545913978775548258681738
0.0127805778756737709045410156250000000000000000000000000000000000 -0.2855998873710632324218750000000000000000000000000000000000000000 0.9582636952400207519531250000000000000000000000000000000000000000  0 0 0 16.1364593505859375000000000000000000000000000000000000000000000000 -3.8800334930419921875000000000000000000000000000000000000000000000 34.3005561828613281250000000000000000000000000000000000000000000000  1.035776494111867229719337046845
0.0213481858372688293457031250000000000000000000000000000000000000 -0.2804150879383087158203125000000000000000000000000000000000000000 0.9596413969993591308593750000000000000000000000000000000000000000  0 0 0 5.9050507545471191406250000000000000000000000000000000000000000000 -8.2961959838867187500000000000000000000000000000000000000000000000 39.3679885864257812500000000000000000000000000000000000000000000000  2.671158502333157880315184229403
0.0707106813788414001464843750000000000000000000000000000000000000 -0.2737598419189453125000000000000000000000000000000000000000000000 0.9591952562332153320312500000000000000000000000000000000000000000  0 0 0 2.3695626258850097656250000000000000000000000000000000000000000000 -13.0265665054321289062500000000000000000000000000000000000000000000 38.6125640869140625000000000000000000000000000000000000000000000000  2.316040666209759013582925035735
-0.0024105969350785017013549804687500000000000000000000000000000000 -0.2657721936702728271484375000000000000000000000000000000000000000 0.9640328288078308105468750000000000000000000000000000000000000000  0 0 0 6.0928506851196289062500000000000000000000000000000000000000000000 -9.5013465881347656250000000000000000000000000000000000000000000000 39.7945709228515625000000000000000000000000000000000000000000000000  1.609907738562316614761016353441
-0.0052772467024624347686767578125000000000000000000000000000000000 -0.2631544172763824462890625000000000000000000000000000000000000000 0.9647393226623535156250000000000000000000000000000000000000000000  0 0 0 4.3073596954345703125000000000000000000000000000000000000000000000 -20.8434600830078125000000000000000000000000000000000000000000000000 42.1887283325195312500000000000000000000000000000000000000000000000  4.226322391242693932156271330314
0.0109910219907760620117187500000000000000000000000000000000000000 -0.2517449557781219482421875000000000000000000000000000000000000000 0.9677311778068542480468750000000000000000000000000000000000000000  0 0 0 2.9963366985321044921875000000000000000000000000000000000000000000 -5.4372696876525878906250000000000000000000000000000000000000000000 34.6011848449707031250000000000000000000000000000000000000000000000  2.840386464443279912472917203559
0.0588575489819049835205078125000000000000000000000000000000000000 -0.2469192147254943847656250000000000000000000000000000000000000000 0.9672469496726989746093750000000000000000000000000000000000000000  0 0 0 5.9837164878845214843750000000000000000000000000000000000000000000 -8.4307804107666015625000000000000000000000000000000000000000000000 40.6411056518554687500000000000000000000000000000000000000000000000  5.925571622196852850095183384838
0.0609178803861141204833984375000000000000000000000000000000000000 -0.2371460050344467163085937500000000000000000000000000000000000000 0.9695621728897094726562500000000000000000000000000000000000000000  0 0 0 13.6520996093750000000000000000000000000000000000000000000000000000 6.5366220474243164062500000000000000000000000000000000000000000000 35.5208053588867187500000000000000000000000000000000000000000000000  9.341087460731156255633322871290
0.0321834012866020202636718750000000000000000000000000000000000000 -0.2356825619935989379882812500000000000000000000000000000000000000 0.9712970256805419921875000000000000000000000000000000000000000000  0 0 0 13.8107519149780273437500000000000000000000000000000000000000000000 4.8220925331115722656250000000000000000000000000000000000000000000 35.2113494873046875000000000000000000000000000000000000000000000000  7.167581470914136332339694490656
0.0304479449987411499023437500000000000000000000000000000000000000 -0.2095999717712402343750000000000000000000000000000000000000000000 0.9773130416870117187500000000000000000000000000000000000000000000  0 0 0 11.1251182556152343750000000000000000000000000000000000000000000000 4.6867232322692871093750000000000000000000000000000000000000000000 35.0865402221679687500000000000000000000000000000000000000000000000  2.460254303863314451206179001019
0.0444686189293861389160156250000000000000000000000000000000000000 -0.1485104411840438842773437500000000000000000000000000000000000000 0.9879105091094970703125000000000000000000000000000000000000000000  0 0 0 19.6291637420654296875000000000000000000000000000000000000000000000 16.3117485046386718750000000000000000000000000000000000000000000000 46.3991355895996093750000000000000000000000000000000000000000000000  4.283575264503716617525697074598
-0.0138231050223112106323242187500000000000000000000000000000000000 -0.3170937895774841308593750000000000000000000000000000000000000000 0.9482934474945068359375000000000000000000000000000000000000000000  0 0 0 7.0967941284179687500000000000000000000000000000000000000000000000 -6.0610637664794921875000000000000000000000000000000000000000000000 30.9978942871093750000000000000000000000000000000000000000000000000  3.385261455971449784385640668916
0.0669507905840873718261718750000000000000000000000000000000000000 -0.2727959752082824707031250000000000000000000000000000000000000000 0.9597395062446594238281250000000000000000000000000000000000000000  0 0 0 13.0593662261962890625000000000000000000000000000000000000000000000 7.9045543670654296875000000000000000000000000000000000000000000000 36.1627197265625000000000000000000000000000000000000000000000000000  3.194090828423164829530378483469
0.0510853156447410583496093750000000000000000000000000000000000000 -0.2699386179447174072265625000000000000000000000000000000000000000 0.9615213871002197265625000000000000000000000000000000000000000000  0 0 0 10.1668806076049804687500000000000000000000000000000000000000000000 -17.4651050567626953125000000000000000000000000000000000000000000000 37.7307090759277343750000000000000000000000000000000000000000000000  4.438850462388660211843216529815
-0.0014562023570761084556579589843750000000000000000000000000000000 -0.2661208808422088623046875000000000000000000000000000000000000000 0.9639385342597961425781250000000000000000000000000000000000000000  0 0 0 6.0928506851196289062500000000000000000000000000000000000000000000 -9.5013465881347656250000000000000000000000000000000000000000000000 39.7945709228515625000000000000000000000000000000000000000000000000  9.503524718792018433077828376554
0.0465831793844699859619140625000000000000000000000000000000000000 -0.2658322751522064208984375000000000000000000000000000000000000000 0.9628931283950805664062500000000000000000000000000000000000000000  0 0 0 17.8192291259765625000000000000000000000000000000000000000000000000 -2.8577942848205566406250000000000000000000000000000000000000000000 34.7123908996582031250000000000000000000000000000000000000000000000  2.942516078736101547974612913094
-0.0048954766243696212768554687500000000000000000000000000000000000 -0.2629803717136383056640625000000000000000000000000000000000000000 0.9647887945175170898437500000000000000000000000000000000000000000  0 0 0 14.5816783905029296875000000000000000000000000000000000000000000000 -9.7317247390747070312500000000000000000000000000000000000000000000 38.3252067565917968750000000000000000000000000000000000000000000000  0.730198328101523408406592352549
-0.0037593485321849584579467773437500000000000000000000000000000000 -0.2535188794136047363281250000000000000000000000000000000000000000 0.9673231244087219238281250000000000000000000000000000000000000000  0 0 0 7.4235658645629882812500000000000000000000000000000000000000000000 0.2689538300037384033203125000000000000000000000000000000000000000 37.0103721618652343750000000000000000000000000000000000000000000000  8.421152368632085938315867679194
0.0390192307531833648681640625000000000000000000000000000000000000 -0.2234506309032440185546875000000000000000000000000000000000000000 0.9739339351654052734375000000000000000000000000000000000000000000  0 0 0 15.9847202301025390625000000000000000000000000000000000000000000000 -3.7750577926635742187500000000000000000000000000000000000000000000 38.9753227233886718750000000000000000000000000000000000000000000000  6.319923317105331506127186003141
0.0679544582962989807128906250000000000000000000000000000000000000 -0.2155431509017944335937500000000000000000000000000000000000000000 0.9741269946098327636718750000000000000000000000000000000000000000  0 0 0 7.7663345336914062500000000000000000000000000000000000000000000000 3.5309460163116455078125000000000000000000000000000000000000000000 37.3726806640625000000000000000000000000000000000000000000000000000  3.163634870398656318002394982614
0.0507833473384380340576171875000000000000000000000000000000000000 -0.2037914693355560302734375000000000000000000000000000000000000000 0.9776962995529174804687500000000000000000000000000000000000000000  0 0 0 9.7951555252075195312500000000000000000000000000000000000000000000 4.6794195175170898437500000000000000000000000000000000000000000000 35.0925254821777343750000000000000000000000000000000000000000000000  6.481813885215722770283264253521
0.0829326137900352478027343750000000000000000000000000000000000000 -0.1366907656192779541015625000000000000000000000000000000000000000 0.9871361851692199707031250000000000000000000000000000000000000000  0 0 0 23.1161766052246093750000000000000000000000000000000000000000000000 10.4308319091796875000000000000000000000000000000000000000000000000 80.1027374267578125000000000000000000000000000000000000000000000000  1.175521794184463342247681794106
0.0019659574609249830245971679687500000000000000000000000000000000 -0.2878441810607910156250000000000000000000000000000000000000000000 0.9576752185821533203125000000000000000000000000000000000000000000  0 0 0 9.4331054687500000000000000000000000000000000000000000000000000000 -3.2952785491943359375000000000000000000000000000000000000000000000 40.0697860717773437500000000000000000000000000000000000000000000000  1.651587106135295135445062442159
0.0192873589694499969482421875000000000000000000000000000000000000 -0.2396785318851470947265625000000000000000000000000000000000000000 0.9706606864929199218750000000000000000000000000000000000000000000  0 0 0 13.0378303527832031250000000000000000000000000000000000000000000000 2.1958994865417480468750000000000000000000000000000000000000000000 34.3397178649902343750000000000000000000000000000000000000000000000  4.147611270749769651899896416580
0.0122225768864154815673828125000000000000000000000000000000000000 -0.2826900482177734375000000000000000000000000000000000000000000000 0.9591334462165832519531250000000000000000000000000000000000000000  0 0 0 17.1279792785644531250000000000000000000000000000000000000000000000 -17.2498226165771484375000000000000000000000000000000000000000000000 34.4270210266113281250000000000000000000000000000000000000000000000  3.747583468119597860379599296721
0.0019869050011038780212402343750000000000000000000000000000000000 -0.2514072656631469726562500000000000000000000000000000000000000000 0.9678793549537658691406250000000000000000000000000000000000000000  0 0 0 5.6787729263305664062500000000000000000000000000000000000000000000 3.3076925277709960937500000000000000000000000000000000000000000000 36.3570594787597656250000000000000000000000000000000000000000000000  2.841827703908466506987906541326
0.1092416718602180480957031250000000000000000000000000000000000000 -0.2551470100879669189453125000000000000000000000000000000000000000 0.9607113599777221679687500000000000000000000000000000000000000000  0 0 0 5.0225491523742675781250000000000000000000000000000000000000000000 11.5570631027221679687500000000000000000000000000000000000000000000 39.9863128662109375000000000000000000000000000000000000000000000000  3.704333084751489924002498810296
0.0602280274033546447753906250000000000000000000000000000000000000 -0.2677213549613952636718750000000000000000000000000000000000000000 0.9616121053695678710937500000000000000000000000000000000000000000  0 0 0 6.1605367660522460937500000000000000000000000000000000000000000000 7.2712421417236328125000000000000000000000000000000000000000000000 37.1732482910156250000000000000000000000000000000000000000000000000  8.245278142612976424175030842889
0.0042981384322047233581542968750000000000000000000000000000000000 -0.2407875508069992065429687500000000000000000000000000000000000000 0.9705682992935180664062500000000000000000000000000000000000000000  0 0 0 15.7293987274169921875000000000000000000000000000000000000000000000 -15.6679620742797851562500000000000000000000000000000000000000000000 35.0726814270019531250000000000000000000000000000000000000000000000  2.868042908341458474552609914099
0.0217626132071018218994140625000000000000000000000000000000000000 -0.2061925381422042846679687500000000000000000000000000000000000000 0.9782693982124328613281250000000000000000000000000000000000000000  0 0 0 23.6651153564453125000000000000000000000000000000000000000000000000 -26.9835109710693359375000000000000000000000000000000000000000000000 50.1970634460449218750000000000000000000000000000000000000000000000  1.066282812950946956576103730185
0.0470537617802619934082031250000000000000000000000000000000000000 -0.3107923269271850585937500000000000000000000000000000000000000000 0.9493124485015869140625000000000000000000000000000000000000000000  0 0 0 0.3693974614143371582031250000000000000000000000000000000000000000 1.2827057838439941406250000000000000000000000000000000000000000000 10.1011610031127929687500000000000000000000000000000000000000000000  1.092239458106457172803516186832
0.0548300668597221374511718750000000000000000000000000000000000000 -0.3156532943248748779296875000000000000000000000000000000000000000 0.9472891092300415039062500000000000000000000000000000000000000000  0 0 0 7.2542414665222167968750000000000000000000000000000000000000000000 -14.9446802139282226562500000000000000000000000000000000000000000000 34.4192504882812500000000000000000000000000000000000000000000000000  1.622404063094933013289278278535
0.0100454939529299736022949218750000000000000000000000000000000000 -0.2471587359905242919921875000000000000000000000000000000000000000 0.9689229130744934082031250000000000000000000000000000000000000000  0 0 0 13.2907314300537109375000000000000000000000000000000000000000000000 6.5558986663818359375000000000000000000000000000000000000000000000 35.7285728454589843750000000000000000000000000000000000000000000000  0.301279509030436598582269880353
0.0341092012822628021240234375000000000000000000000000000000000000 -0.2565338313579559326171875000000000000000000000000000000000000000 0.9659332036972045898437500000000000000000000000000000000000000000  0 0 0 9.3099346160888671875000000000000000000000000000000000000000000000 -14.1313571929931640625000000000000000000000000000000000000000000000 34.0601730346679687500000000000000000000000000000000000000000000000  0.256999441476058021471828851645
0.0181049033999443054199218750000000000000000000000000000000000000 -0.2460695356130599975585937500000000000000000000000000000000000000 0.9690830707550048828125000000000000000000000000000000000000000000  0 0 0 10.4513082504272460937500000000000000000000000000000000000000000000 12.3638811111450195312500000000000000000000000000000000000000000000 37.4974060058593750000000000000000000000000000000000000000000000000  10.324244954401326168635932845064
0.0861503779888153076171875000000000000000000000000000000000000000 -0.2744590044021606445312500000000000000000000000000000000000000000 0.9577319025993347167968750000000000000000000000000000000000000000  0 0 0 9.4877166748046875000000000000000000000000000000000000000000000000 8.0234079360961914062500000000000000000000000000000000000000000000 36.4828567504882812500000000000000000000000000000000000000000000000  3.939665483074365592841559191584
0.0603707619011402130126953125000000000000000000000000000000000000 -0.2593635618686676025390625000000000000000000000000000000000000000 0.9638910293579101562500000000000000000000000000000000000000000000  0 0 0 7.2429542541503906250000000000000000000000000000000000000000000000 -6.4309420585632324218750000000000000000000000000000000000000000000 33.6022491455078125000000000000000000000000000000000000000000000000  3.529493451087802213805844075978
0.0384847782552242279052734375000000000000000000000000000000000000 -0.2752791345119476318359375000000000000000000000000000000000000000 0.9605937600135803222656250000000000000000000000000000000000000000  0 0 0 4.0883460044860839843750000000000000000000000000000000000000000000 5.9922051429748535156250000000000000000000000000000000000000000000 38.7958030700683593750000000000000000000000000000000000000000000000  3.054950395985458477809970645467
0.0202857237309217453002929687500000000000000000000000000000000000 -0.3036390244960784912109375000000000000000000000000000000000000000 0.9525711536407470703125000000000000000000000000000000000000000000  0 0 0 8.9106540679931640625000000000000000000000000000000000000000000000 -0.5999810099601745605468750000000000000000000000000000000000000000 33.2497634887695312500000000000000000000000000000000000000000000000  5.335993815211378610285919421585
0.0284268558025360107421875000000000000000000000000000000000000000 -0.3035787940025329589843750000000000000000000000000000000000000000 0.9523822069168090820312500000000000000000000000000000000000000000  0 0 0 11.4796371459960937500000000000000000000000000000000000000000000000 -15.2690544128417968750000000000000000000000000000000000000000000000 34.8215637207031250000000000000000000000000000000000000000000000000  6.363035073920405793046484177466
0.0230369847267866134643554687500000000000000000000000000000000000 -0.2987692952156066894531250000000000000000000000000000000000000000 0.9540472626686096191406250000000000000000000000000000000000000000  0 0 0 10.2823610305786132812500000000000000000000000000000000000000000000 -0.4686287343502044677734375000000000000000000000000000000000000000 34.8178863525390625000000000000000000000000000000000000000000000000  3.629697176530332303201475951937
-0.0014564060838893055915832519531250000000000000000000000000000000 -0.2654940187931060791015625000000000000000000000000000000000000000 0.9641113877296447753906250000000000000000000000000000000000000000  0 0 0 22.0168533325195312500000000000000000000000000000000000000000000000 -21.0007705688476562500000000000000000000000000000000000000000000000 37.7264289855957031250000000000000000000000000000000000000000000000  0.775717371812678968545640145749
-0.0055830543860793113708496093750000000000000000000000000000000000 -0.2629794180393218994140625000000000000000000000000000000000000000 0.9647852778434753417968750000000000000000000000000000000000000000  0 0 0 14.9515399932861328125000000000000000000000000000000000000000000000 -3.8529899120330810546875000000000000000000000000000000000000000000 45.7000007629394531250000000000000000000000000000000000000000000000  3.243547292611770771486590092536
-0.0042196186259388923645019531250000000000000000000000000000000000 -0.2528849244117736816406250000000000000000000000000000000000000000 0.9674871563911437988281250000000000000000000000000000000000000000  0 0 0 18.0004158020019531250000000000000000000000000000000000000000000000 -12.6247272491455078125000000000000000000000000000000000000000000000 32.3275070190429687500000000000000000000000000000000000000000000000  3.921690890202994328461727491231
0.0718889981508255004882812500000000000000000000000000000000000000 -0.2279876768589019775390625000000000000000000000000000000000000000 0.9710064530372619628906250000000000000000000000000000000000000000  0 0 0 6.7835760116577148437500000000000000000000000000000000000000000000 11.2414989471435546875000000000000000000000000000000000000000000000 38.4583435058593750000000000000000000000000000000000000000000000000  2.502874900001130331617105184705
0.0677773952484130859375000000000000000000000000000000000000000000 -0.2267647087574005126953125000000000000000000000000000000000000000 0.9715883731842041015625000000000000000000000000000000000000000000  0 0 0 7.5558800697326660156250000000000000000000000000000000000000000000 -0.1247740760445594787597656250000000000000000000000000000000000000 34.0124969482421875000000000000000000000000000000000000000000000000  5.305075472509822809286106348736
0.0444645620882511138916015625000000000000000000000000000000000000 -0.2101792991161346435546875000000000000000000000000000000000000000 0.9766511917114257812500000000000000000000000000000000000000000000  0 0 0 15.9847202301025390625000000000000000000000000000000000000000000000 -3.7750577926635742187500000000000000000000000000000000000000000000 38.9753227233886718750000000000000000000000000000000000000000000000  9.265836005233916594647780584637
0.0679411441087722778320312500000000000000000000000000000000000000 -0.2164094150066375732421875000000000000000000000000000000000000000 0.9739357829093933105468750000000000000000000000000000000000000000  0 0 0 7.7663345336914062500000000000000000000000000000000000000000000000 3.5309460163116455078125000000000000000000000000000000000000000000 37.3726806640625000000000000000000000000000000000000000000000000000  3.756857165359303252216705004685
-0.0166900921612977981567382812500000000000000000000000000000000000 -0.2388359159231185913085937500000000000000000000000000000000000000 0.9709165096282958984375000000000000000000000000000000000000000000  0 0 0 16.5923480987548828125000000000000000000000000000000000000000000000 -18.5753059387207031250000000000000000000000000000000000000000000000 32.7619323730468750000000000000000000000000000000000000000000000000  6.990458210913984338219506753376
0.0537678673863410949707031250000000000000000000000000000000000000 -0.2423564493656158447265625000000000000000000000000000000000000000 0.9686962366104125976562500000000000000000000000000000000000000000  0 0 0 6.5360951423645019531250000000000000000000000000000000000000000000 -8.6015911102294921875000000000000000000000000000000000000000000000 40.4769134521484375000000000000000000000000000000000000000000000000  7.269851083610744169050121854525
0.0371771007776260375976562500000000000000000000000000000000000000 -0.2476363033056259155273437500000000000000000000000000000000000000 0.9681395292282104492187500000000000000000000000000000000000000000  0 0 0 7.1257834434509277343750000000000000000000000000000000000000000000 -21.0855293273925781250000000000000000000000000000000000000000000000 41.0761985778808593750000000000000000000000000000000000000000000000  0.747383754373073250221182206587
0.0012970321113243699073791503906250000000000000000000000000000000 -0.2516189813613891601562500000000000000000000000000000000000000000 0.9678254723548889160156250000000000000000000000000000000000000000  0 0 0 11.5508193969726562500000000000000000000000000000000000000000000000 -8.6477069854736328125000000000000000000000000000000000000000000000 30.7712898254394531250000000000000000000000000000000000000000000000  0.925502603424884884297796361352
-0.0221345424652099609375000000000000000000000000000000000000000000 -0.2540915608406066894531250000000000000000000000000000000000000000 0.9669268727302551269531250000000000000000000000000000000000000000  0 0 0 11.5178689956665039062500000000000000000000000000000000000000000000 2.0914554595947265625000000000000000000000000000000000000000000000 35.0794868469238281250000000000000000000000000000000000000000000000  0.617213002857687209612436163297
-0.0372269153594970703125000000000000000000000000000000000000000000 -0.2590276002883911132812500000000000000000000000000000000000000000 0.9651522636413574218750000000000000000000000000000000000000000000  0 0 0 8.7426147460937500000000000000000000000000000000000000000000000000 -14.5356149673461914062500000000000000000000000000000000000000000000 33.6959533691406250000000000000000000000000000000000000000000000000  3.907653305438881119471261627041
-0.0190984625369310379028320312500000000000000000000000000000000000 -0.3024353384971618652343750000000000000000000000000000000000000000 0.9529785513877868652343750000000000000000000000000000000000000000  0 0 0 7.5258088111877441406250000000000000000000000000000000000000000000 -14.7661552429199218750000000000000000000000000000000000000000000000 34.3780632019042968750000000000000000000000000000000000000000000000  7.937702307867411377628741320223
0.0067117405124008655548095703125000000000000000000000000000000000 -0.3024837076663970947265625000000000000000000000000000000000000000 0.9531309604644775390625000000000000000000000000000000000000000000  0 0 0 7.2542414665222167968750000000000000000000000000000000000000000000 -14.9446802139282226562500000000000000000000000000000000000000000000 34.4192504882812500000000000000000000000000000000000000000000000000  4.077968961721521345964447391452
0.0325216203927993774414062500000000000000000000000000000000000000 -0.3011186420917510986328125000000000000000000000000000000000000000 0.9530319571495056152343750000000000000000000000000000000000000000  0 0 0 11.4796371459960937500000000000000000000000000000000000000000000000 -15.2690544128417968750000000000000000000000000000000000000000000000 34.8215637207031250000000000000000000000000000000000000000000000000  1.186660197264351346291277877754
-0.0259687900543212890625000000000000000000000000000000000000000000 -0.2926509976387023925781250000000000000000000000000000000000000000 0.9558666348457336425781250000000000000000000000000000000000000000  0 0 0 19.3840866088867187500000000000000000000000000000000000000000000000 -15.7183618545532226562500000000000000000000000000000000000000000000 31.7986640930175781250000000000000000000000000000000000000000000000  3.226161949670631745590299033211
0.0135254133492708206176757812500000000000000000000000000000000000 -0.2976045012474060058593750000000000000000000000000000000000000000 0.9545934200286865234375000000000000000000000000000000000000000000  0 0 0 17.0501194000244140625000000000000000000000000000000000000000000000 -10.6823320388793945312500000000000000000000000000000000000000000000 33.0635032653808593750000000000000000000000000000000000000000000000  7.713470978830726743069590156665
-0.0041751824319362640380859375000000000000000000000000000000000000 -0.2890706062316894531250000000000000000000000000000000000000000000 0.9572986960411071777343750000000000000000000000000000000000000000  0 0 0 8.7115936279296875000000000000000000000000000000000000000000000000 2.1162521839141845703125000000000000000000000000000000000000000000 34.4542198181152343750000000000000000000000000000000000000000000000  0.658989624468576895566229723045
-0.0273833367973566055297851562500000000000000000000000000000000000 -0.2865074276924133300781250000000000000000000000000000000000000000 0.9576866030693054199218750000000000000000000000000000000000000000  0 0 0 16.4173336029052734375000000000000000000000000000000000000000000000 -17.3182640075683593750000000000000000000000000000000000000000000000 34.9677505493164062500000000000000000000000000000000000000000000000  1.074125606622111206434055930004
-0.0068373940885066986083984375000000000000000000000000000000000000 -0.3181108534336090087890625000000000000000000000000000000000000000 0.9480288624763488769531250000000000000000000000000000000000000000  0 0 0 4.2925686836242675781250000000000000000000000000000000000000000000 -16.7974357604980468750000000000000000000000000000000000000000000000 37.5891571044921875000000000000000000000000000000000000000000000000  2.264909832259573985169254228822
0.0222261529415845870971679687500000000000000000000000000000000000 -0.2064088433980941772460937500000000000000000000000000000000000000 0.9782133698463439941406250000000000000000000000000000000000000000  0 0 0 12.6090946197509765625000000000000000000000000000000000000000000000 12.5950565338134765625000000000000000000000000000000000000000000000 38.6957397460937500000000000000000000000000000000000000000000000000  3.341810631240166973299210440018
0.0354690663516521453857421875000000000000000000000000000000000000 -0.2802681922912597656250000000000000000000000000000000000000000000 0.9592662453651428222656250000000000000000000000000000000000000000  0 0 0 11.5178689956665039062500000000000000000000000000000000000000000000 2.0914554595947265625000000000000000000000000000000000000000000000 35.0794868469238281250000000000000000000000000000000000000000000000  5.601846825889544412291343178367
0.0336838886141777038574218750000000000000000000000000000000000000 -0.3179377615451812744140625000000000000000000000000000000000000000 0.9475130438804626464843750000000000000000000000000000000000000000  0 0 0 5.8477721214294433593750000000000000000000000000000000000000000000 -14.5996799468994140625000000000000000000000000000000000000000000000 38.1871147155761718750000000000000000000000000000000000000000000000  2.105329495190455535436058198684
0.0482413917779922485351562500000000000000000000000000000000000000 -0.3177478909492492675781250000000000000000000000000000000000000000 0.9469472169876098632812500000000000000000000000000000000000000000  0 0 0 7.3288927078247070312500000000000000000000000000000000000000000000 -14.7492733001708984375000000000000000000000000000000000000000000000 39.0561370849609375000000000000000000000000000000000000000000000000  5.412268868478002481481325958157
0.0191433336585760116577148437500000000000000000000000000000000000 -0.3123201131820678710937500000000000000000000000000000000000000000 0.9497840404510498046875000000000000000000000000000000000000000000  0 0 0 11.7453193664550781250000000000000000000000000000000000000000000000 -18.1917304992675781250000000000000000000000000000000000000000000000 38.2316818237304687500000000000000000000000000000000000000000000000  0.444267152238438156608424378646
0.0306559316813945770263671875000000000000000000000000000000000000 -0.2977352440357208251953125000000000000000000000000000000000000000 0.9541561603546142578125000000000000000000000000000000000000000000  0 0 0 5.1375389099121093750000000000000000000000000000000000000000000000 -1.5734727382659912109375000000000000000000000000000000000000000000 34.9011039733886718750000000000000000000000000000000000000000000000  0.748282760053053608295670073858
0.0536784045398235321044921875000000000000000000000000000000000000 -0.2842338681221008300781250000000000000000000000000000000000000000 0.9572511315345764160156250000000000000000000000000000000000000000  0 0 0 6.3652691841125488281250000000000000000000000000000000000000000000 4.5173282623291015625000000000000000000000000000000000000000000000 36.3299903869628906250000000000000000000000000000000000000000000000  0.208509192822046912629829762409
0.0669639185070991516113281250000000000000000000000000000000000000 -0.2721327543258666992187500000000000000000000000000000000000000000 0.9599268436431884765625000000000000000000000000000000000000000000  0 0 0 8.6533803939819335937500000000000000000000000000000000000000000000 -3.3972966670989990234375000000000000000000000000000000000000000000 40.3358268737792968750000000000000000000000000000000000000000000000  2.579738376732786608869218980544
0.0309230387210845947265625000000000000000000000000000000000000000 -0.2696212232112884521484375000000000000000000000000000000000000000 0.9624698162078857421875000000000000000000000000000000000000000000  0 0 0 14.3325414657592773437500000000000000000000000000000000000000000000 -7.9278192520141601562500000000000000000000000000000000000000000000 39.0630569458007812500000000000000000000000000000000000000000000000  5.665098627792332308672484941781
0.0424290969967842102050781250000000000000000000000000000000000000 -0.2695073187351226806640625000000000000000000000000000000000000000 0.9620631933212280273437500000000000000000000000000000000000000000  0 0 0 2.9871966838836669921875000000000000000000000000000000000000000000 -11.1283388137817382812500000000000000000000000000000000000000000000 35.5467185974121093750000000000000000000000000000000000000000000000  0.321472100300447483078869481687
0.0342563316226005554199218750000000000000000000000000000000000000 -0.2650878131389617919921875000000000000000000000000000000000000000 0.9636155962944030761718750000000000000000000000000000000000000000  0 0 0 7.0584301948547363281250000000000000000000000000000000000000000000 -15.2899913787841796875000000000000000000000000000000000000000000000 36.9703598022460937500000000000000000000000000000000000000000000000  5.604150526667410758818732574582
0.0457729063928127288818359375000000000000000000000000000000000000 -0.2649654746055603027343750000000000000000000000000000000000000000 0.9631708860397338867187500000000000000000000000000000000000000000  0 0 0 10.4841394424438476562500000000000000000000000000000000000000000000 -2.5140457153320312500000000000000000000000000000000000000000000000 28.4234275817871093750000000000000000000000000000000000000000000000  2.794261976491327903460160086979
-0.0400240831077098846435546875000000000000000000000000000000000000 -0.2544560432434082031250000000000000000000000000000000000000000000 0.9662557840347290039062500000000000000000000000000000000000000000  0 0 0 12.7948474884033203125000000000000000000000000000000000000000000000 -18.4970817565917968750000000000000000000000000000000000000000000000 33.6397056579589843750000000000000000000000000000000000000000000000  3.622925407942105824332656993647
0.0679531767964363098144531250000000000000000000000000000000000000 -0.2156297564506530761718750000000000000000000000000000000000000000 0.9741078615188598632812500000000000000000000000000000000000000000  0 0 0 13.0378303527832031250000000000000000000000000000000000000000000000 2.1958994865417480468750000000000000000000000000000000000000000000 34.3397178649902343750000000000000000000000000000000000000000000000  0.186508418707936496350185962001
-0.0003562546626199036836624145507812500000000000000000000000000000 -0.2727449536323547363281250000000000000000000000000000000000000000 0.9620863199234008789062500000000000000000000000000000000000000000  0 0 0 17.8192291259765625000000000000000000000000000000000000000000000000 -2.8577942848205566406250000000000000000000000000000000000000000000 34.7123908996582031250000000000000000000000000000000000000000000000  2.794159591404225650990156282205
-0.0182224642485380172729492187500000000000000000000000000000000000 -0.3123254776000976562500000000000000000000000000000000000000000000 0.9498003721237182617187500000000000000000000000000000000000000000  0 0 0 14.9496803283691406250000000000000000000000000000000000000000000000 -15.7266149520874023437500000000000000000000000000000000000000000000 33.1466217041015625000000000000000000000000000000000000000000000000  0.614141049803700878051415656955
0.0606805160641670227050781250000000000000000000000000000000000000 -0.2572185695171356201171875000000000000000000000000000000000000000 0.9644461870193481445312500000000000000000000000000000000000000000  0 0 0 11.5407018661499023437500000000000000000000000000000000000000000000 4.6311106681823730468750000000000000000000000000000000000000000000 35.0379943847656250000000000000000000000000000000000000000000000000  6.943378210544864259645692072809
0.0160979572683572769165039062500000000000000000000000000000000000 -0.2727096080780029296875000000000000000000000000000000000000000000 0.9619616866111755371093750000000000000000000000000000000000000000  0 0 0 12.5639495849609375000000000000000000000000000000000000000000000000 -15.8906736373901367187500000000000000000000000000000000000000000000 37.5318717956542968750000000000000000000000000000000000000000000000  7.025505794399732550914450257551
0.0467419885098934173583984375000000000000000000000000000000000000 -0.3105968832969665527343750000000000000000000000000000000000000000 0.9493917822837829589843750000000000000000000000000000000000000000  0 0 0 7.5088162422180175781250000000000000000000000000000000000000000000 -0.1588809043169021606445312500000000000000000000000000000000000000 33.9111061096191406250000000000000000000000000000000000000000000000  7.546503975349938109218328463612
-0.0019872542470693588256835937500000000000000000000000000000000000 -0.2964128255844116210937500000000000000000000000000000000000000000 0.9550578594207763671875000000000000000000000000000000000000000000  0 0 0 0.3693974614143371582031250000000000000000000000000000000000000000 1.2827057838439941406250000000000000000000000000000000000000000000 10.1011610031127929687500000000000000000000000000000000000000000000  1.825844677123299675258749630302
-0.0052667879499495029449462890625000000000000000000000000000000000 -0.2890691161155700683593750000000000000000000000000000000000000000 0.9572937488555908203125000000000000000000000000000000000000000000  0 0 0 16.2990531921386718750000000000000000000000000000000000000000000000 -18.0126953125000000000000000000000000000000000000000000000000000000 34.1368675231933593750000000000000000000000000000000000000000000000  2.945840090476750106063263956457
0.0095855435356497764587402343750000000000000000000000000000000000 -0.2470325231552124023437500000000000000000000000000000000000000000 0.9689597487449645996093750000000000000000000000000000000000000000  0 0 0 16.1364593505859375000000000000000000000000000000000000000000000000 -3.8800334930419921875000000000000000000000000000000000000000000000 34.3005561828613281250000000000000000000000000000000000000000000000  0.824416616080535291644082462881
-0.0020178817212581634521484375000000000000000000000000000000000000 -0.2439839392900466918945312500000000000000000000000000000000000000 0.9697771668434143066406250000000000000000000000000000000000000000  0 0 0 17.2375240325927734375000000000000000000000000000000000000000000000 -15.9621267318725585937500000000000000000000000000000000000000000000 31.3309593200683593750000000000000000000000000000000000000000000000  0.082700916919628233991979016082
0.0263218786567449569702148437500000000000000000000000000000000000 -0.2207342237234115600585937500000000000000000000000000000000000000 0.9749787449836730957031250000000000000000000000000000000000000000  0 0 0 14.4500741958618164062500000000000000000000000000000000000000000000 6.5140576362609863281250000000000000000000000000000000000000000000 37.1847724914550781250000000000000000000000000000000000000000000000  0.789238452999538764309761518234
0.0357448831200599670410156250000000000000000000000000000000000000 -0.2800180017948150634765625000000000000000000000000000000000000000 0.9593290686607360839843750000000000000000000000000000000000000000  0 0 0 4.5282583236694335937500000000000000000000000000000000000000000000 -3.9588477611541748046875000000000000000000000000000000000000000000 39.0500411987304687500000000000000000000000000000000000000000000000  0.457871019256333333657948969631
0.0090280491858720779418945312500000000000000000000000000000000000 -0.3260837793350219726562500000000000000000000000000000000000000000 0.9452977776527404785156250000000000000000000000000000000000000000  0 0 0 3.0204560756683349609375000000000000000000000000000000000000000000 -16.2179584503173828125000000000000000000000000000000000000000000000 36.7618179321289062500000000000000000000000000000000000000000000000  0.008802425021141924155188007717
0.0265477485954761505126953125000000000000000000000000000000000000 -0.3191497921943664550781250000000000000000000000000000000000000000 0.9473323822021484375000000000000000000000000000000000000000000000  0 0 0 10.8920745849609375000000000000000000000000000000000000000000000000 -14.0773839950561523437500000000000000000000000000000000000000000000 33.4522438049316406250000000000000000000000000000000000000000000000  0.572257363835175780764075170737
0.0247655510902404785156250000000000000000000000000000000000000000 -0.3001177012920379638671875000000000000000000000000000000000000000 0.9535806179046630859375000000000000000000000000000000000000000000  0 0 0 15.5712480545043945312500000000000000000000000000000000000000000000 -16.3985385894775390625000000000000000000000000000000000000000000000 28.9126148223876953125000000000000000000000000000000000000000000000  0.550820731420548326262576210866
-0.0281431619077920913696289062500000000000000000000000000000000000 -0.2930739223957061767578125000000000000000000000000000000000000000 0.9556754827499389648437500000000000000000000000000000000000000000  0 0 0 5.8477721214294433593750000000000000000000000000000000000000000000 -14.5996799468994140625000000000000000000000000000000000000000000000 38.1871147155761718750000000000000000000000000000000000000000000000  1.427932403498678670672461521463
0.0543065331876277923583984375000000000000000000000000000000000000 -0.2857003509998321533203125000000000000000000000000000000000000000 0.9567790031433105468750000000000000000000000000000000000000000000  0 0 0 7.3288927078247070312500000000000000000000000000000000000000000000 -14.7492733001708984375000000000000000000000000000000000000000000000 39.0561370849609375000000000000000000000000000000000000000000000000  2.021411480123769255357046858990
0.0170530285686254501342773437500000000000000000000000000000000000 -0.2789675295352935791015625000000000000000000000000000000000000000 0.9601491093635559082031250000000000000000000000000000000000000000  0 0 0 10.6514282226562500000000000000000000000000000000000000000000000000 -17.2457122802734375000000000000000000000000000000000000000000000000 37.4902038574218750000000000000000000000000000000000000000000000000  0.540968929775470841470053073863
0.0308713801205158233642578125000000000000000000000000000000000000 -0.2753022015094757080078125000000000000000000000000000000000000000 0.9608619213104248046875000000000000000000000000000000000000000000  0 0 0 19.7270603179931640625000000000000000000000000000000000000000000000 -8.3105878829956054687500000000000000000000000000000000000000000000 34.4796867370605468750000000000000000000000000000000000000000000000  2.008429441854862496086298051523
-0.0006869955104775726795196533203125000000000000000000000000000000 -0.2646411657333374023437500000000000000000000000000000000000000000 0.9643467068672180175781250000000000000000000000000000000000000000  0 0 0 7.2542414665222167968750000000000000000000000000000000000000000000 -14.9446802139282226562500000000000000000000000000000000000000000000 34.4192504882812500000000000000000000000000000000000000000000000000  3.879191907941975436813208943931
0.0329448506236076354980468750000000000000000000000000000000000000 -0.2644975483417510986328125000000000000000000000000000000000000000 0.9638234376907348632812500000000000000000000000000000000000000000  0 0 0 6.3779025077819824218750000000000000000000000000000000000000000000 -17.8379497528076171875000000000000000000000000000000000000000000000 37.1443099975585937500000000000000000000000000000000000000000000000  4.990431243028685237561603571521
0.0585940629243850708007812500000000000000000000000000000000000000 -0.2641865611076354980468750000000000000000000000000000000000000000 0.9626901149749755859375000000000000000000000000000000000000000000  0 0 0 7.7777857780456542968750000000000000000000000000000000000000000000 3.2382433414459228515625000000000000000000000000000000000000000000 35.1116714477539062500000000000000000000000000000000000000000000000  2.531294965565595411760568822501
0.0032817230094224214553833007812500000000000000000000000000000000 -0.2537472248077392578125000000000000000000000000000000000000000000 0.9672650098800659179687500000000000000000000000000000000000000000  0 0 0 6.2646327018737792968750000000000000000000000000000000000000000000 -1.2297163009643554687500000000000000000000000000000000000000000000 33.9874038696289062500000000000000000000000000000000000000000000000  2.055547813247557531468601155211
0.0231521967798471450805664062500000000000000000000000000000000000 -0.2500289082527160644531250000000000000000000000000000000000000000 0.9679615497589111328125000000000000000000000000000000000000000000  0 0 0 6.1782627105712890625000000000000000000000000000000000000000000000 -9.4572582244873046875000000000000000000000000000000000000000000000 39.0639228820800781250000000000000000000000000000000000000000000000  3.484128227160951496443885844201
0.0568512603640556335449218750000000000000000000000000000000000000 -0.2496914714574813842773437500000000000000000000000000000000000000 0.9666551351547241210937500000000000000000000000000000000000000000  0 0 0 9.4781045913696289062500000000000000000000000000000000000000000000 6.9130449295043945312500000000000000000000000000000000000000000000 35.9638786315917968750000000000000000000000000000000000000000000000  0.669719784451228927757426845346
0.0609507672488689422607421875000000000000000000000000000000000000 -0.2404697686433792114257812500000000000000000000000000000000000000 0.9687410593032836914062500000000000000000000000000000000000000000  0 0 0 11.6609525680541992187500000000000000000000000000000000000000000000 12.2829093933105468750000000000000000000000000000000000000000000000 37.7272529602050781250000000000000000000000000000000000000000000000  0.687527266719713425757731783960
0.0689330250024795532226562500000000000000000000000000000000000000 -0.2366637587547302246093750000000000000000000000000000000000000000 0.9691431522369384765625000000000000000000000000000000000000000000  0 0 0 7.5558800697326660156250000000000000000000000000000000000000000000 -0.1247740760445594787597656250000000000000000000000000000000000000 34.0124969482421875000000000000000000000000000000000000000000000000  0.591092066913965097363359291194
0.0352737605571746826171875000000000000000000000000000000000000000 -0.2259571850299835205078125000000000000000000000000000000000000000 0.9734984040260314941406250000000000000000000000000000000000000000  0 0 0 6.0908136367797851562500000000000000000000000000000000000000000000 2.1794869899749755859375000000000000000000000000000000000000000000 35.3585624694824218750000000000000000000000000000000000000000000000  0.032580033113207257366994440417
0 0 0 0 0 0 0 0 0 0 0 0 0 0 0 0 0 0 0 0 0 0 0 0 0 0 0 0 0 0 
